0 0.454327 0.396635 0.331731 0.442308
1 0.912260 0.528846 0.175481 0.197115
1 0.094952 0.689904 0.165865 0.182692
1 0.141827 0.868990 0.163462 0.194712
1 0.438702 0.939904 0.170673 0.120192
1 0.092548 0.271635 0.180288 0.201923
1 0.346154 0.680288 0.177885 0.187500
1 0.598558 0.955529 0.163462 0.088942
1 0.907452 0.885817 0.185096 0.218750
1 0.754808 0.222356 0.225962 0.233173
1 0.352163 0.115385 0.161058 0.197115
1 0.042067 0.206731 0.079327 0.216346
1 0.490385 0.798077 0.182692 0.173077
1 0.906250 0.109375 0.187500 0.213942
1 0.131010 0.039663 0.185096 0.074519
1 0.688702 0.215144 0.185096 0.242788
1 0.203125 0.121394 0.170673 0.185096
1 0.760817 0.968750 0.180288 0.062500
1 0.030048 0.581731 0.055288 0.206731
1 0.706731 0.564904 0.182692 0.201923
1 0.694712 0.655048 0.182692 0.170673
1 0.538462 0.645433 0.177885 0.242788
1 0.153846 0.425481 0.144231 0.177885
1 0.227163 0.524038 0.161058 0.201923
