1 0.070833 0.772727 0.136111 0.234160
1 0.486111 0.906336 0.205556 0.187328
1 0.926389 0.581267 0.147222 0.253444
1 0.476389 0.075758 0.230556 0.146006
1 0.659722 0.187328 0.230556 0.247934
1 0.225000 0.089532 0.250000 0.173554
1 0.108333 0.545455 0.211111 0.231405
1 0.245833 0.917355 0.236111 0.165289
1 0.883333 0.114325 0.233333 0.212121
1 0.920833 0.944904 0.158333 0.110193
2 0.198611 0.380165 0.102778 0.104683
1 0.852778 0.344353 0.211111 0.220386
1 0.736111 0.899449 0.266667 0.190083
1 0.237500 0.298898 0.202778 0.223140
1 0.683333 0.958678 0.227778 0.082645
1 0.769444 0.687328 0.205556 0.217631
1 0.956944 0.320937 0.086111 0.228650
1 0.062500 0.258953 0.119444 0.325069
1 0.276389 0.820937 0.247222 0.181818
1 0.052778 0.020661 0.100000 0.035813
0 0.494444 0.493113 0.511111 0.528926
