1 0.122222 0.714876 0.238889 0.217631
1 0.873611 0.567493 0.202778 0.220386
1 0.088889 0.185950 0.172222 0.201102
1 0.076389 0.486226 0.147222 0.223140
1 0.940278 0.139118 0.119444 0.201102
1 0.690278 0.112948 0.241667 0.220386
1 0.775000 0.669421 0.233333 0.242424
1 0.808333 0.893939 0.244444 0.212121
1 0.351389 0.044077 0.225000 0.082645
1 0.469444 0.844353 0.216667 0.184573
1 0.784722 0.035813 0.225000 0.066116
1 0.554167 0.892562 0.208333 0.214876
1 0.179167 0.033058 0.225000 0.060606
1 0.256944 0.904959 0.186111 0.179063
1 0.918056 0.909091 0.163889 0.181818
1 0.184722 0.944904 0.225000 0.110193
1 0.293056 0.239669 0.280556 0.275482
1 0.962500 0.431129 0.075000 0.217631
2 0.225000 0.578512 0.088889 0.093664
1 0.956944 0.050964 0.086111 0.096419
0 0.500000 0.490358 0.405556 0.440771
