0 0.661058 0.769231 0.389423 0.427885
1 0.516827 0.355769 0.177885 0.201923
1 0.128606 0.722356 0.189904 0.199519
1 0.234375 0.943510 0.204327 0.112981
1 0.397837 0.692308 0.175481 0.201923
2 0.655048 0.496394 0.069712 0.074519
1 0.085337 0.061298 0.165865 0.117788
1 0.359375 0.501202 0.175481 0.223558
1 0.525240 0.520433 0.185096 0.180288
1 0.070913 0.917067 0.137019 0.165865
1 0.039663 0.399038 0.074519 0.211538
1 0.506010 0.088942 0.170673 0.173077
1 0.153846 0.498798 0.163462 0.189904
1 0.806490 0.350962 0.189904 0.192308
1 0.963942 0.893029 0.072115 0.213942
1 0.068510 0.203125 0.132212 0.233173
1 0.216346 0.260817 0.182692 0.213942
1 0.275240 0.144231 0.189904 0.187500
1 0.677885 0.137019 0.192308 0.235577
1 0.371394 0.229567 0.127404 0.228365
1 0.445913 0.967548 0.180288 0.064904
1 0.614183 0.974760 0.141827 0.050481
1 0.923077 0.729567 0.153846 0.180288
