1 0.083333 0.904959 0.161111 0.184573
1 0.905556 0.767218 0.188889 0.228650
1 0.086111 0.487603 0.166667 0.187328
1 0.940278 0.268595 0.119444 0.206612
1 0.230556 0.104683 0.238889 0.203857
1 0.101389 0.267218 0.197222 0.231405
1 0.922222 0.943526 0.155556 0.112948
1 0.473611 0.122590 0.219444 0.239669
1 0.787500 0.045455 0.236111 0.085399
1 0.305556 0.336088 0.205556 0.225895
1 0.315278 0.807163 0.258333 0.247934
1 0.866667 0.440771 0.233333 0.214876
1 0.958333 0.071625 0.083333 0.137741
1 0.565278 0.842975 0.252778 0.253444
1 0.747222 0.209366 0.244444 0.247934
1 0.723611 0.936639 0.236111 0.126722
1 0.256944 0.965565 0.241667 0.068871
1 0.127778 0.691460 0.250000 0.236915
1 0.737500 0.665289 0.230556 0.250689
1 0.484722 0.960055 0.202778 0.079890
1 0.916667 0.537190 0.166667 0.192837
0 0.483333 0.544077 0.294444 0.360882
