1 0.070833 0.409091 0.136111 0.245179
1 0.086111 0.166667 0.166667 0.239669
1 0.738889 0.106061 0.244444 0.206612
1 0.172222 0.928375 0.250000 0.143251
1 0.226389 0.736915 0.247222 0.250689
1 0.887500 0.264463 0.225000 0.253444
1 0.476389 0.086777 0.258333 0.168044
1 0.273611 0.168044 0.208333 0.209366
1 0.637500 0.776860 0.230556 0.236915
1 0.898611 0.034435 0.202778 0.063361
1 0.779167 0.633609 0.230556 0.231405
1 0.850000 0.818182 0.200000 0.242424
1 0.022222 0.778237 0.038889 0.245179
1 0.963889 0.792011 0.072222 0.250689
0 0.504167 0.498623 0.413889 0.446281
