0 0.610938 0.668750 0.315625 0.429167
1 0.557031 0.083333 0.160938 0.162500
1 0.521875 0.385417 0.168750 0.216667
1 0.325781 0.382292 0.164062 0.202083
1 0.214844 0.743750 0.179688 0.212500
1 0.948438 0.451042 0.103125 0.206250
1 0.139063 0.475000 0.175000 0.195833
1 0.858594 0.592708 0.148438 0.222917
1 0.282031 0.172917 0.160938 0.237500
1 0.617969 0.185417 0.185938 0.216667
1 0.311719 0.932292 0.151562 0.135417
1 0.028906 0.839583 0.054688 0.204167
1 0.575000 0.923958 0.200000 0.152083
1 0.308594 0.585417 0.164062 0.183333
1 0.725781 0.395833 0.157812 0.233333
1 0.042188 0.339583 0.081250 0.183333
1 0.928125 0.235417 0.143750 0.237500
1 0.385937 0.767708 0.175000 0.268750
1 0.917188 0.783333 0.159375 0.187500
1 0.977344 0.627083 0.045312 0.187500
1 0.014844 0.137500 0.026562 0.187500
1 0.129688 0.259375 0.153125 0.189583
1 0.166406 0.089583 0.129688 0.175000
1 0.797656 0.068750 0.170313 0.133333
1 0.845313 0.212500 0.125000 0.183333
