1 0.921875 0.814904 0.156250 0.182692
0 0.543269 0.537260 0.197115 0.228365
1 0.432692 0.125000 0.211538 0.221154
1 0.921875 0.401442 0.156250 0.230769
1 0.897837 0.159856 0.194712 0.247596
1 0.962740 0.628606 0.074519 0.209135
1 0.606971 0.060096 0.141827 0.115385
1 0.413462 0.653846 0.173077 0.197115
1 0.229567 0.700721 0.199519 0.242788
1 0.753606 0.806490 0.170673 0.204327
1 0.106971 0.473558 0.204327 0.225962
1 0.419471 0.949519 0.185096 0.100962
1 0.112981 0.942308 0.211538 0.115385
1 0.307692 0.028846 0.168269 0.052885
1 0.786058 0.149038 0.182692 0.221154
1 0.680288 0.057692 0.168269 0.110577
1 0.211538 0.167067 0.197115 0.290865
1 0.829327 0.562500 0.168269 0.173077
1 0.274038 0.957933 0.216346 0.084135
1 0.049279 0.100962 0.093750 0.197115
1 0.516827 0.811298 0.177885 0.237981
1 0.347356 0.456731 0.204327 0.192308
1 0.062500 0.260817 0.120192 0.199519
