0 0.484375 0.778125 0.381250 0.443750
1 0.075000 0.486458 0.146875 0.239583
1 0.113281 0.112500 0.173437 0.212500
1 0.702344 0.607292 0.198437 0.210417
1 0.902344 0.111458 0.195312 0.202083
1 0.139844 0.736458 0.195312 0.202083
1 0.402344 0.054167 0.173437 0.104167
1 0.905469 0.342708 0.182812 0.235417
1 0.039062 0.904167 0.075000 0.191667
1 0.417969 0.233333 0.139063 0.200000
1 0.553125 0.482292 0.187500 0.181250
1 0.238281 0.457292 0.167187 0.181250
1 0.951562 0.479167 0.096875 0.208333
1 0.721094 0.966667 0.176563 0.066667
1 0.253125 0.558333 0.168750 0.204167
1 0.858594 0.860417 0.182812 0.258333
1 0.357812 0.216667 0.162500 0.212500
1 0.021094 0.695833 0.039062 0.208333
1 0.977344 0.842708 0.045312 0.256250
