0 0.383594 0.201042 0.420312 0.397917
1 0.417187 0.692708 0.171875 0.214583
1 0.271094 0.851042 0.185938 0.264583
1 0.689844 0.759375 0.154688 0.206250
1 0.598437 0.329167 0.150000 0.220833
1 0.875781 0.952083 0.167187 0.095833
1 0.132031 0.946875 0.179688 0.106250
1 0.969531 0.503125 0.060937 0.231250
1 0.517969 0.921875 0.195312 0.156250
1 0.520312 0.512500 0.181250 0.208333
1 0.076563 0.492708 0.150000 0.206250
2 0.588281 0.140625 0.060937 0.081250
1 0.313281 0.445833 0.192188 0.200000
1 0.791406 0.757292 0.154688 0.202083
1 0.970313 0.766667 0.059375 0.279167
1 0.079687 0.285417 0.156250 0.220833
1 0.742188 0.242708 0.178125 0.206250
1 0.828125 0.210417 0.156250 0.200000
1 0.215625 0.366667 0.171875 0.204167
1 0.664062 0.930208 0.187500 0.139583
1 0.691406 0.098958 0.157812 0.193750
1 0.560156 0.030208 0.157812 0.056250
1 0.075781 0.110417 0.148438 0.191667
1 0.138281 0.612500 0.173437 0.216667
1 0.674219 0.446875 0.135937 0.189583
1 0.692969 0.575000 0.139063 0.191667
1 0.834375 0.483333 0.131250 0.162500
1 0.874219 0.576042 0.139063 0.152083
