1 0.579167 0.820937 0.208333 0.203857
1 0.923611 0.533058 0.152778 0.239669
1 0.055556 0.139118 0.105556 0.245179
1 0.362500 0.909091 0.241667 0.181818
1 0.786111 0.914601 0.261111 0.170799
1 0.223611 0.190083 0.219444 0.225895
1 0.751389 0.588154 0.202778 0.234160
1 0.147222 0.621212 0.238889 0.201102
1 0.895833 0.792011 0.208333 0.234160
1 0.812500 0.280992 0.269444 0.275482
1 0.256944 0.406336 0.213889 0.234160
1 0.881944 0.079890 0.230556 0.154270
1 0.623611 0.249311 0.202778 0.228650
0 0.500000 0.504132 0.338889 0.352617
