1 0.105217 0.321739 0.206957 0.253913
1 0.275652 0.073043 0.255652 0.142609
1 0.310435 0.653913 0.231304 0.295652
1 0.339130 0.267826 0.260870 0.253913
1 0.111304 0.550435 0.219130 0.227826
1 0.744348 0.297391 0.274783 0.278261
1 0.204348 0.853043 0.304348 0.266087
1 0.942609 0.922609 0.114783 0.154783
1 0.606957 0.861739 0.243478 0.276522
1 0.937391 0.180870 0.125217 0.246957
1 0.793913 0.766957 0.238261 0.243478
1 0.633043 0.127826 0.233043 0.241739
1 0.962609 0.407826 0.074783 0.259130
0 0.505217 0.507826 0.370435 0.438261
1 0.773913 0.966087 0.180870 0.067826
1 0.064348 0.101739 0.125217 0.200000
