1 0.081739 0.793913 0.160000 0.238261
1 0.436522 0.080000 0.229565 0.156522
1 0.095652 0.341739 0.187826 0.259130
1 0.312174 0.946087 0.220870 0.107826
1 0.339130 0.767826 0.267826 0.241739
1 0.647826 0.115652 0.210435 0.227826
1 0.549565 0.960000 0.288696 0.080000
1 0.201739 0.169565 0.240000 0.252174
1 0.048696 0.565217 0.093913 0.233043
1 0.933913 0.184348 0.132174 0.243478
1 0.860000 0.146957 0.213913 0.269565
1 0.813043 0.620870 0.255652 0.264348
0 0.472174 0.478261 0.558261 0.546087
1 0.651304 0.874783 0.366957 0.142609
1 0.901739 0.544348 0.196522 0.205217
1 0.935652 0.713913 0.128696 0.165217
