1 0.576389 0.169421 0.230556 0.217631
1 0.916667 0.881543 0.166667 0.220386
1 0.826389 0.484848 0.186111 0.192837
1 0.938889 0.658402 0.122222 0.192837
1 0.611111 0.943526 0.244444 0.112948
1 0.215278 0.406336 0.191667 0.223140
1 0.402778 0.761708 0.227778 0.195592
1 0.805556 0.242424 0.233333 0.225895
1 0.272222 0.889807 0.211111 0.220386
1 0.647222 0.772727 0.216667 0.228650
1 0.244444 0.099174 0.205556 0.192837
1 0.968056 0.185950 0.063889 0.217631
1 0.200000 0.646006 0.205556 0.217631
1 0.748611 0.030303 0.225000 0.055096
1 0.123611 0.530303 0.191667 0.223140
1 0.354167 0.128099 0.208333 0.206612
1 0.081944 0.907713 0.158333 0.184573
1 0.844444 0.688705 0.200000 0.209366
1 0.048611 0.239669 0.091667 0.209366
1 0.472222 0.925620 0.177778 0.143251
1 0.108333 0.239669 0.200000 0.214876
2 0.130556 0.800275 0.077778 0.085399
0 0.520833 0.491736 0.441667 0.432507
