1 0.433237 0.918617 0.205713 0.161821
1 0.0374753 0.585923 0.0734433 0.248086
1 0.784217 0.0852554 0.231776 0.170511
1 0.758672 0.383381 0.208694 0.22371
1 0.103816 0.779247 0.205831 0.241032
1 0.186042 0.541976 0.212631 0.210831
1 0.617971 0.827124 0.244686 0.260612
1 0.74366 0.600309 0.228012 0.215814
1 0.116156 0.0482151 0.228587 0.0964303
1 0.308426 0.331917 0.224383 0.218623
1 0.345934 0.0433881 0.220464 0.0854698
1 0.568725 0.0330704 0.225827 0.0661409
0 0.50207 0.495543 0.292026 0.299831
1 0.336114 0.717524 0.260156 0.263262
