1 0.082609 0.520000 0.161739 0.285217
1 0.129565 0.760000 0.255652 0.243478
1 0.960000 0.213913 0.080000 0.246957
1 0.089565 0.292174 0.175652 0.288696
1 0.698261 0.857391 0.283478 0.243478
1 0.378261 0.807826 0.262609 0.269565
1 0.566087 0.033913 0.206957 0.064348
1 0.943478 0.732174 0.113043 0.337391
1 0.242609 0.147826 0.262609 0.271304
0 0.439130 0.505217 0.460870 0.446957
1 0.737391 0.156522 0.222609 0.285217
1 0.713043 0.674783 0.285217 0.253913
1 0.831304 0.566087 0.236522 0.224348
1 0.890435 0.463478 0.219130 0.231304
