0 0.612981 0.319712 0.461538 0.355769
1 0.918269 0.431490 0.163462 0.175481
1 0.221154 0.724760 0.206731 0.175481
1 0.419471 0.812500 0.209135 0.173077
1 0.692308 0.096154 0.240385 0.173077
1 0.409856 0.713942 0.223558 0.153846
1 0.165865 0.347356 0.274038 0.175481
1 0.864183 0.716346 0.247596 0.177885
1 0.382212 0.520433 0.206731 0.161058
1 0.897837 0.259615 0.204327 0.201923
1 0.771635 0.822115 0.201923 0.197115
1 0.328125 0.979567 0.218750 0.040865
1 0.641827 0.681490 0.221154 0.180288
1 0.737981 0.984375 0.211538 0.031250
1 0.191106 0.167067 0.295673 0.218750
1 0.275240 0.033654 0.228365 0.062500
1 0.033654 0.081731 0.062500 0.139423
1 0.111779 0.461538 0.199519 0.177885
1 0.188702 0.558894 0.185096 0.161058
1 0.104567 0.832933 0.180288 0.180288
1 0.104567 0.954327 0.199519 0.091346
1 0.616587 0.542067 0.213942 0.122596
1 0.633413 0.882212 0.204327 0.163462
1 0.974760 0.919471 0.050481 0.127404
1 0.912260 0.067308 0.175481 0.129808
1 0.555288 0.034856 0.182692 0.064904
