1 0.578906 0.126042 0.164062 0.218750
0 0.383594 0.466667 0.426563 0.554167
1 0.389062 0.078125 0.171875 0.152083
1 0.657031 0.923958 0.179688 0.152083
1 0.835156 0.923958 0.151562 0.152083
1 0.053906 0.783333 0.104688 0.204167
1 0.741406 0.576042 0.167187 0.227083
1 0.061719 0.071875 0.120313 0.139583
1 0.818750 0.319792 0.184375 0.222917
1 0.204687 0.767708 0.162500 0.193750
1 0.950781 0.740625 0.098437 0.214583
1 0.339844 0.921875 0.173437 0.156250
1 0.435156 0.864583 0.170313 0.225000
1 0.151562 0.908333 0.150000 0.183333
1 0.971094 0.316667 0.057813 0.254167
1 0.589844 0.654167 0.167187 0.220833
1 0.810937 0.742708 0.171875 0.202083
1 0.151562 0.257292 0.131250 0.214583
1 0.231250 0.025000 0.153125 0.045833
1 0.920312 0.103125 0.159375 0.202083
1 0.275781 0.719792 0.204687 0.214583
1 0.618750 0.740625 0.131250 0.177083
