1 0.376389 0.294766 0.191667 0.203857
1 0.068056 0.555096 0.130556 0.217631
1 0.766667 0.629477 0.200000 0.212121
1 0.098611 0.071625 0.191667 0.137741
1 0.937500 0.555096 0.125000 0.212121
1 0.795833 0.862259 0.208333 0.220386
1 0.247222 0.566116 0.205556 0.228650
1 0.433333 0.955923 0.211111 0.088154
1 0.129167 0.764463 0.213889 0.212121
1 0.611111 0.118457 0.216667 0.220386
1 0.362500 0.750689 0.225000 0.206612
1 0.177778 0.245179 0.233333 0.231405
1 0.697222 0.247934 0.211111 0.209366
1 0.880556 0.086777 0.205556 0.168044
1 0.768056 0.484848 0.191667 0.203857
1 0.970833 0.111570 0.058333 0.184573
2 0.063889 0.931129 0.122222 0.132231
1 0.295833 0.016529 0.241667 0.027548
1 0.288889 0.965565 0.183333 0.068871
0 0.493056 0.502755 0.330556 0.294766
2 0.976389 0.403581 0.047222 0.112948
