0 0.417969 0.461458 0.282813 0.381250
1 0.827344 0.458333 0.160938 0.204167
1 0.674219 0.385417 0.167187 0.229167
1 0.682031 0.739583 0.179688 0.216667
1 0.125781 0.727083 0.198437 0.225000
1 0.954688 0.467708 0.090625 0.235417
1 0.075781 0.229167 0.148438 0.212500
1 0.396094 0.877083 0.167187 0.200000
1 0.841406 0.103125 0.160938 0.202083
1 0.293750 0.707292 0.168750 0.214583
1 0.119531 0.529167 0.154688 0.195833
1 0.461719 0.169792 0.185938 0.231250
1 0.729688 0.939583 0.196875 0.120833
1 0.499219 0.819792 0.179688 0.227083
1 0.671875 0.162500 0.200000 0.208333
1 0.116406 0.923958 0.217188 0.152083
1 0.471875 0.970833 0.162500 0.058333
1 0.021875 0.564583 0.040625 0.183333
1 0.878906 0.790625 0.145313 0.197917
1 0.292187 0.964583 0.175000 0.070833
1 0.986719 0.909375 0.026562 0.181250
1 0.986719 0.721875 0.026562 0.243750
1 0.592187 0.068750 0.175000 0.133333
1 0.362500 0.083333 0.171875 0.162500
1 0.899219 0.272917 0.154688 0.175000
1 0.836719 0.723958 0.132812 0.202083
1 0.218750 0.482292 0.112500 0.181250
2 0.716406 0.859375 0.057813 0.072917
