1 0.158333 0.898072 0.200000 0.192837
1 0.706944 0.349862 0.180556 0.220386
1 0.075000 0.747934 0.144444 0.217631
1 0.905556 0.093664 0.188889 0.181818
1 0.065278 0.112948 0.125000 0.220386
1 0.040278 0.392562 0.075000 0.212121
1 0.331944 0.820937 0.197222 0.203857
1 0.875000 0.599174 0.250000 0.234160
1 0.641667 0.888430 0.177778 0.195592
1 0.212500 0.188705 0.225000 0.234160
1 0.559722 0.221763 0.213889 0.217631
1 0.751389 0.814050 0.225000 0.223140
1 0.711111 0.574380 0.166667 0.206612
1 0.190278 0.395317 0.202778 0.212121
1 0.863889 0.195592 0.211111 0.209366
0 0.498611 0.479339 0.286111 0.330579
1 0.541667 0.736915 0.183333 0.206612
2 0.755556 0.151515 0.105556 0.099174
2 0.629167 0.690083 0.075000 0.068871
1 0.383333 0.741047 0.200000 0.198347
1 0.968056 0.804408 0.063889 0.236915
