1 0.088889 0.786501 0.172222 0.223140
1 0.561111 0.924242 0.216667 0.151515
1 0.519444 0.118457 0.200000 0.198347
1 0.956944 0.629477 0.086111 0.195592
1 0.768056 0.068871 0.208333 0.132231
1 0.750000 0.947658 0.233333 0.104683
1 0.276389 0.935262 0.197222 0.129477
1 0.516667 0.768595 0.261111 0.192837
1 0.276389 0.819559 0.230556 0.228650
1 0.941667 0.174931 0.116667 0.217631
2 0.375000 0.139118 0.083333 0.079890
1 0.587500 0.017906 0.258333 0.030303
0 0.501389 0.495868 0.375000 0.347107
1 0.927778 0.977961 0.144444 0.044077
1 0.855556 0.159780 0.233333 0.209366
1 0.758333 0.392562 0.216667 0.234160
1 0.104167 0.388430 0.202778 0.203857
1 0.168056 0.640496 0.197222 0.173554
1 0.150000 0.530303 0.161111 0.107438
1 0.848611 0.353994 0.175000 0.195592
