1 0.638575 0.337139 0.214969 0.232923
1 0.841179 0.215588 0.180069 0.206233
1 0.604009 0.624039 0.198342 0.228966
1 0.27423 0.816919 0.187823 0.195458
1 0.295736 0.224183 0.187262 0.225241
1 0.161893 0.652935 0.18418 0.213073
1 0.670751 0.839152 0.187164 0.22158
1 0.399349 0.925997 0.201138 0.148006
1 0.806969 0.604841 0.217129 0.235717
0 0.116616 0.365296 0.233232 0.445315
1 0.155252 0.0758863 0.153088 0.148197
1 0.291293 0.594774 0.194845 0.20898
1 0.196366 0.958455 0.182766 0.082232
1 0.925482 0.430386 0.146619 0.256842
1 0.921 0.772365 0.158001 0.239808
1 0.666672 0.100494 0.228801 0.20008
1 0.962333 0.127196 0.0753348 0.254391
1 0.403384 0.0535914 0.208359 0.106815
