1 0.86754 0.883044 0.241861 0.23149
1 0.70518 0.275536 0.194335 0.214287
1 0.0809264 0.883012 0.15943 0.232328
1 0.0778473 0.184718 0.152146 0.231083
1 0.0972635 0.427508 0.192076 0.241206
1 0.254214 0.0917193 0.221518 0.182934
1 0.866637 0.104433 0.185745 0.208866
1 0.513052 0.148827 0.233476 0.239294
1 0.953291 0.426702 0.0934179 0.246062
1 0.765585 0.687415 0.247109 0.244213
1 0.480548 0.882461 0.209155 0.23401
1 0.811521 0.443355 0.184037 0.230816
1 0.0336276 0.662172 0.0651646 0.22182
1 0.175509 0.614715 0.167492 0.204554
1 0.970447 0.184043 0.0591054 0.240516
1 0.234578 0.973736 0.257436 0.052528
0 0.505705 0.503116 0.361359 0.369483
