1 0.703906 0.159375 0.167187 0.227083
1 0.523438 0.872917 0.168750 0.225000
1 0.547656 0.236458 0.167187 0.202083
1 0.417187 0.092708 0.165625 0.181250
0 0.205469 0.688542 0.320312 0.439583
1 0.685156 0.843750 0.157812 0.195833
1 0.733594 0.416667 0.151562 0.229167
1 0.550000 0.647917 0.168750 0.191667
1 0.875000 0.382292 0.156250 0.210417
1 0.917188 0.111458 0.162500 0.218750
1 0.757812 0.639583 0.162500 0.200000
1 0.610938 0.478125 0.143750 0.218750
1 0.263281 0.219792 0.173437 0.214583
1 0.964844 0.348958 0.070312 0.227083
1 0.891406 0.951042 0.176563 0.097917
1 0.065625 0.310417 0.128125 0.216667
1 0.044531 0.526042 0.085938 0.193750
1 0.264844 0.054167 0.176563 0.104167
1 0.931250 0.608333 0.137500 0.229167
1 0.623437 0.968750 0.140625 0.062500
2 0.528125 0.480208 0.062500 0.085417
1 0.212500 0.937500 0.137500 0.125000
1 0.128125 0.311458 0.146875 0.197917
1 0.039844 0.835417 0.076563 0.212500
1 0.872656 0.818750 0.182812 0.179167
1 0.933594 0.840625 0.132812 0.147917
1 0.855469 0.620833 0.154688 0.183333
