1 0.086087 0.841739 0.168696 0.222609
1 0.719130 0.046087 0.255652 0.088696
1 0.280000 0.904348 0.250435 0.191304
1 0.943478 0.780870 0.113043 0.292174
1 0.900000 0.418261 0.200000 0.255652
1 0.412174 0.120000 0.219130 0.236522
1 0.046087 0.433913 0.088696 0.266087
1 0.130435 0.607826 0.257391 0.252174
1 0.869565 0.171304 0.240000 0.241739
1 0.598261 0.186957 0.264348 0.266087
1 0.178261 0.079130 0.286957 0.154783
1 0.562609 0.875652 0.304348 0.248696
1 0.690435 0.846087 0.281739 0.255652
0 0.501739 0.534783 0.526957 0.523478
