1 0.434341 0.0913784 0.21768 0.182757
1 0.209953 0.0994012 0.207061 0.198802
1 0.911881 0.220269 0.174353 0.214767
1 0.291878 0.590239 0.186887 0.238228
1 0.580776 0.234188 0.209034 0.199706
1 0.0913115 0.917722 0.179368 0.164556
1 0.101026 0.514173 0.198374 0.215142
1 0.719334 0.0955103 0.204745 0.191021
1 0.299706 0.909839 0.207606 0.180322
1 0.899409 0.908439 0.199748 0.18167
1 0.0534372 0.730331 0.106874 0.209078
1 0.218102 0.35021 0.212069 0.208452
1 0.0463041 0.0863805 0.0901371 0.172761
1 0.817439 0.71563 0.191627 0.236047
1 0.602929 0.723586 0.220011 0.212354
1 0.963317 0.726885 0.0733669 0.219365
1 0.423154 0.833275 0.215728 0.212572
1 0.769585 0.445495 0.215883 0.262694
0 0.508919 0.500218 0.279297 0.273904
1 0.912401 0.433798 0.175198 0.194614
1 0.631428 0.972313 0.184015 0.0553741
