1 0.083333 0.377410 0.161111 0.231405
1 0.100000 0.716253 0.194444 0.236915
1 0.127778 0.159780 0.238889 0.236915
1 0.341667 0.889807 0.266667 0.220386
1 0.876389 0.935262 0.241667 0.129477
1 0.609722 0.084022 0.241667 0.162534
1 0.926389 0.774105 0.147222 0.264463
1 0.925000 0.446281 0.150000 0.242424
1 0.662500 0.794766 0.280556 0.239669
1 0.623611 0.217631 0.208333 0.242424
1 0.823611 0.639118 0.191667 0.236915
2 0.347222 0.679063 0.083333 0.079890
2 0.193056 0.026171 0.091667 0.046832
1 0.984722 0.187328 0.030556 0.231405
0 0.502778 0.504132 0.372222 0.358127
2 0.479167 0.234160 0.086111 0.088154
2 0.433333 0.074380 0.088889 0.088154
2 0.770833 0.022039 0.097222 0.038567
1 0.790278 0.100551 0.230556 0.195592
1 0.851389 0.140496 0.213889 0.203857
