0 0.475962 0.653846 0.331731 0.423077
1 0.507212 0.108173 0.187500 0.211538
1 0.167067 0.304087 0.175481 0.209135
1 0.748798 0.917067 0.189904 0.161058
1 0.322115 0.204327 0.187500 0.187500
1 0.066106 0.466346 0.127404 0.221154
1 0.144231 0.807692 0.187500 0.187500
2 0.574519 0.883413 0.067308 0.074519
1 0.413462 0.361779 0.211538 0.228365
1 0.239183 0.742788 0.199519 0.230769
1 0.271635 0.930288 0.182692 0.139423
1 0.438702 0.924279 0.213942 0.146635
0 0.174279 0.037260 0.170673 0.069712
1 0.788462 0.169471 0.187500 0.189904
1 0.971154 0.730769 0.057692 0.230769
1 0.655048 0.264423 0.185096 0.197115
1 0.365385 0.086538 0.187500 0.168269
1 0.899038 0.068510 0.192308 0.132212
1 0.889423 0.844952 0.163462 0.237981
1 0.679087 0.387019 0.161058 0.211538
1 0.094952 0.146635 0.185096 0.197115
1 0.836538 0.433894 0.144231 0.237981
1 0.823317 0.659856 0.132212 0.194712
1 0.949519 0.563702 0.100962 0.194712
1 0.709135 0.610577 0.163462 0.254808
