1 0.936111 0.305785 0.127778 0.192837
1 0.776389 0.424242 0.202778 0.203857
1 0.291667 0.084022 0.211111 0.162534
1 0.761111 0.796143 0.188889 0.203857
1 0.197222 0.455923 0.216667 0.212121
1 0.813889 0.166667 0.222222 0.201102
1 0.951389 0.084022 0.097222 0.162534
1 0.495833 0.325069 0.219444 0.203857
1 0.225000 0.891185 0.211111 0.201102
1 0.900000 0.778237 0.200000 0.195592
1 0.590278 0.139118 0.219444 0.212121
1 0.652778 0.965565 0.211111 0.068871
1 0.145833 0.669421 0.219444 0.258953
1 0.713889 0.024793 0.216667 0.044077
1 0.130556 0.228650 0.255556 0.236915
1 0.062500 0.955923 0.119444 0.088154
1 0.431944 0.966942 0.213889 0.066116
1 0.450000 0.044077 0.216667 0.082645
1 0.966667 0.950413 0.066667 0.099174
2 0.675000 0.293388 0.094444 0.107438
0 0.279167 0.389807 0.069444 0.063361
1 0.013889 0.720386 0.022222 0.223140
0 0.487500 0.650138 0.430556 0.429752
