1 0.310109 0.321138 0.221311 0.241192
1 0.938525 0.323848 0.122951 0.224932
1 0.952186 0.108401 0.095628 0.189702
1 0.237705 0.113821 0.224044 0.222222
1 0.937158 0.864499 0.125683 0.222222
1 0.336066 0.722222 0.229508 0.224932
1 0.103825 0.375339 0.202186 0.219512
1 0.789617 0.205962 0.191257 0.216802
0 0.506831 0.502710 0.314208 0.295393
1 0.484973 0.144986 0.221311 0.224932
1 0.080601 0.168022 0.155738 0.265583
1 0.887978 0.640921 0.224044 0.235772
1 0.416667 0.909214 0.210383 0.181572
1 0.106557 0.701897 0.207650 0.216802
1 0.780055 0.546070 0.199454 0.208672
1 0.693989 0.859079 0.196721 0.200542
1 0.199454 0.533875 0.344262 0.265583
2 0.098361 0.028455 0.191257 0.051491
1 0.146175 0.945799 0.232240 0.108401
1 0.524590 0.769648 0.213115 0.292683
1 0.088798 0.911924 0.172131 0.176152
