1 0.160156 0.164583 0.167187 0.225000
1 0.110937 0.585417 0.162500 0.212500
0 0.792188 0.487500 0.381250 0.591667
1 0.382812 0.690625 0.153125 0.197917
1 0.889062 0.847917 0.196875 0.241667
1 0.551562 0.626042 0.171875 0.206250
1 0.266406 0.338542 0.179688 0.222917
1 0.421875 0.081250 0.159375 0.158333
1 0.492969 0.941667 0.167187 0.116667
1 0.810156 0.180208 0.192188 0.193750
1 0.408594 0.263542 0.129688 0.202083
1 0.159375 0.741667 0.193750 0.220833
1 0.031250 0.234375 0.059375 0.185417
1 0.569531 0.391667 0.170313 0.204167
1 0.055469 0.898958 0.107813 0.197917
1 0.398438 0.475000 0.181250 0.216667
1 0.575781 0.093750 0.182812 0.183333
2 0.346875 0.864583 0.059375 0.083333
1 0.149219 0.931250 0.151562 0.137500
1 0.027344 0.442708 0.051562 0.202083
1 0.065625 0.070833 0.128125 0.137500
1 0.965625 0.210417 0.068750 0.216667
1 0.794531 0.041667 0.154688 0.079167
1 0.308594 0.941667 0.164062 0.116667
1 0.683594 0.872917 0.204687 0.254167
1 0.984375 0.470833 0.031250 0.175000
2 0.260937 0.711458 0.040625 0.056250
1 0.621094 0.188542 0.151562 0.185417
