1 0.908696 0.909565 0.182609 0.180870
1 0.233043 0.908696 0.243478 0.179130
1 0.062609 0.197391 0.121739 0.252174
1 0.225217 0.293043 0.234783 0.241739
1 0.927826 0.495652 0.144348 0.246957
1 0.202609 0.539130 0.220870 0.240000
1 0.050435 0.630435 0.097391 0.286957
1 0.840000 0.695652 0.243478 0.233043
1 0.633043 0.833043 0.250435 0.240000
1 0.613043 0.180870 0.220870 0.226087
1 0.453043 0.944348 0.224348 0.111304
1 0.538261 0.052174 0.255652 0.100870
1 0.776522 0.066087 0.238261 0.128696
1 0.919130 0.057391 0.161739 0.111304
1 0.053913 0.927826 0.104348 0.144348
0 0.530435 0.504348 0.434783 0.438261
0 0.096522 0.048696 0.189565 0.093913
1 0.098261 0.048696 0.193043 0.093913
