1 0.059130 0.467826 0.114783 0.295652
1 0.030435 0.821739 0.057391 0.259130
1 0.154783 0.888696 0.191304 0.215652
1 0.342609 0.748696 0.240000 0.245217
1 0.396522 0.915652 0.299130 0.161739
1 0.853043 0.065217 0.241739 0.126957
1 0.350435 0.206957 0.259130 0.260870
1 0.206087 0.563478 0.206957 0.229565
1 0.714783 0.157391 0.246957 0.224348
1 0.240000 0.395652 0.236522 0.259130
1 0.960870 0.266087 0.078261 0.246957
1 0.144348 0.041739 0.285217 0.080000
1 0.826087 0.965217 0.299130 0.069565
1 0.673913 0.872174 0.213913 0.227826
1 0.118261 0.253913 0.233043 0.306087
0 0.598261 0.483478 0.591304 0.480000
1 0.880870 0.640000 0.193043 0.187826
1 0.849565 0.726087 0.200000 0.220870
1 0.797391 0.848696 0.213913 0.180870
1 0.937391 0.549565 0.125217 0.166957
