1 0.903478 0.182609 0.193043 0.267826
1 0.093043 0.504348 0.182609 0.226087
1 0.633913 0.105217 0.234783 0.206957
1 0.306957 0.109565 0.241739 0.215652
1 0.737391 0.860870 0.250435 0.260870
1 0.686957 0.306087 0.253913 0.240000
1 0.277391 0.396522 0.182609 0.219130
1 0.045217 0.699130 0.086957 0.212174
1 0.095652 0.064348 0.187826 0.125217
1 0.097391 0.233043 0.187826 0.285217
1 0.393043 0.835652 0.246957 0.297391
1 0.873043 0.036522 0.250435 0.069565
0 0.527826 0.565217 0.353043 0.466087
1 0.650435 0.937391 0.253913 0.125217
1 0.100000 0.893913 0.186087 0.191304
2 0.565217 0.867826 0.080000 0.073043
2 0.374783 0.292174 0.081739 0.080000
1 0.180000 0.796522 0.172174 0.191304
