0 0.506010 0.653846 0.439904 0.341346
1 0.938702 0.527644 0.122596 0.161058
1 0.072115 0.129808 0.139423 0.149038
1 0.061298 0.956731 0.117788 0.086538
1 0.961538 0.204327 0.076923 0.163462
1 0.068510 0.627404 0.132212 0.182692
1 0.224760 0.728365 0.218750 0.182692
1 0.963942 0.067308 0.072115 0.129808
1 0.234375 0.526442 0.170673 0.144231
1 0.432692 0.054087 0.206731 0.103365
1 0.653846 0.274038 0.201923 0.153846
1 0.426683 0.371394 0.194712 0.146635
1 0.288462 0.246394 0.187500 0.161058
1 0.680288 0.115385 0.177885 0.168269
1 0.883413 0.108173 0.194712 0.168269
1 0.444712 0.938702 0.173077 0.122596
1 0.030048 0.415865 0.055288 0.125000
1 0.819712 0.675481 0.192308 0.211538
1 0.223558 0.932692 0.211538 0.134615
1 0.621394 0.879808 0.281250 0.158654
1 0.170673 0.507212 0.158654 0.163462
1 0.074519 0.377404 0.144231 0.149038
1 0.443510 0.181490 0.213942 0.146635
1 0.876202 0.941106 0.233173 0.117788
