1 0.087500 0.162534 0.169444 0.220386
1 0.270833 0.079890 0.219444 0.154270
1 0.902778 0.292011 0.194444 0.214876
1 0.098611 0.683196 0.191667 0.187328
1 0.931944 0.490358 0.136111 0.192837
1 0.304167 0.256198 0.213889 0.198347
1 0.787500 0.597796 0.163889 0.247934
1 0.711111 0.247934 0.161111 0.203857
1 0.223611 0.457300 0.208333 0.203857
1 0.212500 0.913223 0.258333 0.173554
1 0.347222 0.822314 0.222222 0.245179
1 0.886111 0.696970 0.222222 0.203857
1 0.665278 0.026171 0.225000 0.046832
1 0.529167 0.265840 0.236111 0.190083
2 0.500000 0.882920 0.094444 0.085399
1 0.523611 0.119835 0.308333 0.195592
1 0.013889 0.560606 0.022222 0.223140
0 0.509722 0.541322 0.452778 0.432507
