0 0.659761 0.140447 0.379374 0.280894
1 0.153948 0.279479 0.170131 0.226852
1 0.56802 0.826302 0.157831 0.213221
1 0.0826437 0.0849824 0.147413 0.169965
1 0.412413 0.194067 0.180517 0.209567
1 0.384409 0.744726 0.161328 0.203075
1 0.870313 0.332739 0.178487 0.233108
1 0.885135 0.852196 0.177225 0.210611
1 0.423495 0.924465 0.173155 0.151071
1 0.52089 0.613804 0.1765 0.209101
1 0.254557 0.8591 0.165272 0.213994
1 0.916375 0.0611304 0.167251 0.122261
1 0.286244 0.574379 0.181942 0.225023
1 0.308685 0.369986 0.157972 0.196172
1 0.746765 0.713712 0.211385 0.233375
1 0.0483949 0.809341 0.0963736 0.204165
1 0.46414 0.404397 0.183752 0.22458
1 0.655621 0.953569 0.191571 0.0928616
1 0.139493 0.955443 0.152703 0.0891137
1 0.930685 0.628684 0.13329 0.219247
1 0.118222 0.499292 0.181005 0.251694
1 0.043109 0.692526 0.0858814 0.201193
1 0.401745 0.0450879 0.164747 0.0880213
1 0.64831 0.381515 0.200232 0.238873
1 0.948332 0.512913 0.101369 0.21386
1 0.0372665 0.236126 0.0744999 0.175335
