0 0.464844 0.622917 0.354687 0.445833
1 0.700781 0.860417 0.179688 0.212500
1 0.066406 0.366667 0.129688 0.208333
1 0.071875 0.586458 0.140625 0.202083
1 0.635938 0.335417 0.162500 0.229167
1 0.764062 0.472917 0.162500 0.225000
1 0.218750 0.298958 0.168750 0.235417
1 0.517188 0.152083 0.193750 0.237500
1 0.169531 0.908333 0.157812 0.183333
1 0.220312 0.539583 0.156250 0.200000
1 0.125000 0.061458 0.175000 0.118750
1 0.938281 0.472917 0.123438 0.187500
1 0.061719 0.808333 0.120313 0.212500
1 0.942187 0.952083 0.115625 0.091667
1 0.816406 0.689583 0.179688 0.175000
1 0.254688 0.188542 0.165625 0.231250
1 0.956250 0.075000 0.087500 0.145833
1 0.374219 0.347917 0.173437 0.225000
1 0.217969 0.667708 0.185938 0.181250
1 0.434375 0.041667 0.143750 0.079167
1 0.916406 0.740625 0.151562 0.206250
2 0.878125 0.168750 0.053125 0.108333
1 0.407813 0.910417 0.209375 0.179167
