0 0.455529 0.472356 0.338942 0.420673
1 0.491587 0.137019 0.194712 0.201923
1 0.722356 0.188702 0.165865 0.185096
1 0.871394 0.209135 0.189904 0.206731
1 0.852163 0.935096 0.175481 0.129808
1 0.810096 0.788462 0.168269 0.187500
1 0.058894 0.824519 0.112981 0.216346
1 0.608173 0.945913 0.149038 0.108173
1 0.254808 0.117788 0.163462 0.158654
2 0.780048 0.473558 0.074519 0.081731
1 0.270433 0.912260 0.199519 0.170673
1 0.329327 0.743990 0.173077 0.199519
1 0.947115 0.842548 0.105769 0.175481
1 0.569712 0.034856 0.144231 0.064904
1 0.099760 0.100962 0.180288 0.192308
1 0.575721 0.796875 0.189904 0.199519
1 0.950721 0.066106 0.098558 0.127404
1 0.135817 0.306490 0.165865 0.209135
1 0.513221 0.854567 0.170673 0.204327
1 0.425481 0.966346 0.158654 0.067308
1 0.893029 0.034856 0.175481 0.064904
1 0.685096 0.605769 0.197115 0.216346
1 0.222356 0.508413 0.170673 0.257212
1 0.908654 0.447115 0.182692 0.259615
