0 0.542188 0.543750 0.212500 0.266667
1 0.260937 0.634375 0.171875 0.206250
1 0.225000 0.860417 0.171875 0.225000
1 0.417187 0.186458 0.175000 0.214583
1 0.250000 0.222917 0.184375 0.195833
1 0.895312 0.535417 0.150000 0.191667
1 0.857812 0.881250 0.175000 0.220833
1 0.068750 0.157292 0.134375 0.214583
1 0.108594 0.513542 0.198437 0.252083
2 0.163281 0.386458 0.060937 0.072917
1 0.067187 0.659375 0.131250 0.210417
1 0.962500 0.310417 0.075000 0.216667
1 0.965625 0.708333 0.068750 0.191667
1 0.738281 0.743750 0.151562 0.200000
1 0.916406 0.116667 0.167187 0.229167
1 0.140625 0.077083 0.137500 0.150000
1 0.437500 0.039583 0.159375 0.075000
1 0.774219 0.201042 0.145313 0.172917
1 0.523438 0.841667 0.168750 0.204167
1 0.578906 0.284375 0.217188 0.172917
1 0.381250 0.810417 0.156250 0.187500
1 0.141406 0.056250 0.132812 0.108333
1 0.368750 0.377083 0.181250 0.191667
1 0.954688 0.906250 0.090625 0.183333
1 0.608594 0.080208 0.182812 0.156250
1 0.940625 0.757292 0.118750 0.227083
1 0.297656 0.940625 0.170313 0.118750
1 0.739062 0.481250 0.134375 0.229167
1 0.740625 0.303125 0.109375 0.152083
1 0.885156 0.340625 0.117188 0.172917
1 0.670312 0.900000 0.128125 0.191667
