1 0.870435 0.940870 0.259130 0.118261
1 0.093913 0.791304 0.184348 0.264348
1 0.931304 0.350435 0.137391 0.234783
1 0.905217 0.742609 0.186087 0.219130
1 0.624348 0.169565 0.215652 0.231304
1 0.763478 0.059130 0.253913 0.114783
1 0.286957 0.864348 0.271304 0.264348
1 0.380870 0.120870 0.250435 0.234783
1 0.955652 0.593043 0.088696 0.191304
1 0.737391 0.384348 0.250435 0.243478
1 0.058261 0.308696 0.113043 0.252174
0 0.486957 0.501739 0.455652 0.373913
1 0.615652 0.678261 0.306087 0.240000
1 0.221739 0.566957 0.259130 0.267826
1 0.250435 0.375652 0.260870 0.160000
1 0.254783 0.219130 0.314783 0.226087
1 0.716522 0.778261 0.191304 0.266087
