0 0.168269 0.384615 0.326923 0.336538
1 0.632212 0.298077 0.221154 0.197115
1 0.870192 0.512019 0.235577 0.182692
1 0.933894 0.674279 0.132212 0.161058
1 0.251202 0.653846 0.228365 0.187500
1 0.493990 0.573317 0.247596 0.127404
1 0.561298 0.868990 0.237981 0.194712
1 0.733173 0.725962 0.225962 0.187500
1 0.393029 0.305288 0.228365 0.201923
1 0.894231 0.838942 0.201923 0.168269
1 0.847356 0.319712 0.209135 0.197115
1 0.378606 0.959135 0.218750 0.081731
1 0.076923 0.599760 0.149038 0.185096
1 0.967548 0.385817 0.064904 0.151442
1 0.287260 0.933894 0.213942 0.132212
1 0.973558 0.195913 0.052885 0.228365
1 0.830529 0.956731 0.233173 0.086538
1 0.612981 0.956731 0.201923 0.086538
1 0.299279 0.477163 0.180288 0.156250
1 0.483173 0.457933 0.230769 0.151442
1 0.844952 0.192308 0.189904 0.187500
