1 0.929167 0.070248 0.141667 0.134986
1 0.377778 0.763085 0.238889 0.214876
1 0.944444 0.502755 0.111111 0.201102
1 0.138889 0.695592 0.244444 0.234160
1 0.245833 0.965565 0.219444 0.068871
1 0.722222 0.765840 0.155556 0.176309
1 0.750000 0.026171 0.261111 0.046832
1 0.748611 0.924242 0.313889 0.146006
1 0.656944 0.214876 0.225000 0.242424
1 0.783333 0.705234 0.211111 0.220386
1 0.538889 0.768595 0.188889 0.170799
1 0.811111 0.224518 0.188889 0.206612
1 0.981944 0.917355 0.036111 0.159780
0 0.572222 0.501377 0.633333 0.363636
0 0.095833 0.454545 0.186111 0.325069
