0 0.731250 0.411458 0.346875 0.514583
1 0.480469 0.732292 0.151562 0.210417
1 0.171094 0.190625 0.154688 0.193750
1 0.142187 0.392708 0.178125 0.227083
1 0.302344 0.496875 0.157812 0.218750
1 0.317188 0.775000 0.168750 0.204167
1 0.181250 0.676042 0.193750 0.210417
1 0.617188 0.102083 0.193750 0.200000
1 0.938281 0.093750 0.123438 0.183333
1 0.184375 0.895833 0.203125 0.200000
1 0.628125 0.818750 0.175000 0.220833
1 0.392188 0.916667 0.162500 0.166667
1 0.970313 0.292708 0.059375 0.214583
1 0.354687 0.034375 0.181250 0.064583
0 0.669531 0.396875 0.439063 0.552083
1 0.020313 0.658333 0.037500 0.212500
1 0.022656 0.907292 0.042188 0.185417
1 0.985938 0.491667 0.028125 0.208333
1 0.075781 0.050000 0.148438 0.095833
1 0.792188 0.126042 0.153125 0.206250
1 0.760938 0.732292 0.143750 0.177083
1 0.521094 0.927083 0.157812 0.145833
1 0.096875 0.047917 0.190625 0.091667
1 0.866406 0.771875 0.151562 0.197917
1 0.586719 0.900000 0.117188 0.200000
1 0.940625 0.890625 0.118750 0.214583
1 0.808594 0.061458 0.145313 0.118750
