1 0.109722 0.073003 0.213889 0.140496
1 0.836111 0.117080 0.200000 0.217631
1 0.081944 0.866391 0.158333 0.234160
1 0.320833 0.964187 0.236111 0.071625
1 0.201389 0.633609 0.230556 0.214876
1 0.854167 0.913223 0.202778 0.173554
1 0.933333 0.362259 0.133333 0.250689
1 0.808333 0.435262 0.188889 0.225895
1 0.197222 0.393939 0.211111 0.220386
1 0.125000 0.261708 0.227778 0.209366
1 0.043056 0.482094 0.080556 0.214876
1 0.958333 0.707989 0.083333 0.214876
1 0.588889 0.900826 0.227778 0.198347
1 0.350000 0.173554 0.227778 0.253444
1 0.752778 0.696970 0.216667 0.220386
1 0.281944 0.829201 0.230556 0.192837
1 0.631944 0.207989 0.230556 0.245179
1 0.958333 0.064738 0.083333 0.123967
0 0.505556 0.501377 0.416667 0.424242
