1 0.918261 0.162609 0.163478 0.217391
1 0.244348 0.075652 0.227826 0.147826
1 0.725217 0.108696 0.194783 0.213913
1 0.082609 0.443478 0.161739 0.236522
1 0.220870 0.665217 0.229565 0.276522
1 0.932174 0.498261 0.135652 0.231304
1 0.806957 0.341739 0.226087 0.231304
1 0.242609 0.284348 0.206957 0.220870
1 0.200870 0.875652 0.245217 0.248696
1 0.505217 0.137391 0.231304 0.236522
1 0.760000 0.784348 0.229565 0.222609
1 0.746087 0.955652 0.250435 0.088696
1 0.037391 0.825217 0.071304 0.189565
1 0.028696 0.170435 0.053913 0.184348
0 0.505217 0.494783 0.419130 0.457391
1 0.412174 0.964348 0.226087 0.071304
