0 0.459135 0.804087 0.346154 0.391827
1 0.475962 0.298077 0.153846 0.206731
1 0.084135 0.311298 0.163462 0.233173
1 0.693510 0.897837 0.161058 0.204327
1 0.078125 0.728365 0.151442 0.197115
1 0.413462 0.036058 0.168269 0.067308
1 0.175481 0.971154 0.173077 0.057692
0 0.370192 0.795673 0.490385 0.408654
1 0.239183 0.213942 0.218750 0.254808
1 0.228365 0.454327 0.259615 0.240385
1 0.510817 0.550481 0.180288 0.201923
1 0.866587 0.938702 0.170673 0.122596
1 0.606971 0.414663 0.218750 0.146635
1 0.259615 0.046875 0.153846 0.088942
1 0.025240 0.528846 0.045673 0.221154
1 0.073317 0.883413 0.141827 0.228365
1 0.308894 0.575721 0.223558 0.180288
1 0.126202 0.094952 0.199519 0.185096
