1 0.911111 0.286501 0.177778 0.220386
1 0.929167 0.541322 0.141667 0.217631
1 0.834722 0.800275 0.208333 0.206612
1 0.337500 0.194215 0.186111 0.195592
1 0.762500 0.603306 0.197222 0.214876
1 0.943056 0.917355 0.113889 0.165289
1 0.934722 0.089532 0.130556 0.173554
1 0.344444 0.042700 0.244444 0.079890
1 0.498611 0.929752 0.219444 0.140496
1 0.759722 0.038567 0.247222 0.071625
1 0.615278 0.782369 0.208333 0.220386
1 0.226389 0.632231 0.191667 0.239669
1 0.122222 0.842975 0.211111 0.214876
1 0.105556 0.048209 0.205556 0.090909
1 0.387500 0.895317 0.208333 0.198347
1 0.709722 0.279614 0.208333 0.217631
1 0.131944 0.207989 0.213889 0.217631
1 0.130556 0.542700 0.216667 0.225895
1 0.233333 0.973829 0.222222 0.052342
1 0.973611 0.741047 0.052778 0.170799
0 0.516667 0.504132 0.366667 0.396694
