1 0.882609 0.096522 0.234783 0.189565
1 0.378261 0.860000 0.220870 0.266087
1 0.660000 0.838261 0.248696 0.240000
1 0.958261 0.274783 0.083478 0.246957
1 0.200870 0.957391 0.245217 0.085217
1 0.663478 0.060000 0.241739 0.116522
1 0.174783 0.796522 0.231304 0.236522
1 0.777391 0.629565 0.194783 0.222609
1 0.500000 0.956522 0.248696 0.086957
1 0.109565 0.486957 0.212174 0.236522
1 0.938261 0.609565 0.123478 0.259130
1 0.041739 0.706087 0.080000 0.201739
0 0.446087 0.424348 0.593043 0.507826
1 0.286957 0.636522 0.240000 0.205217
1 0.858261 0.411304 0.206957 0.217391
1 0.804348 0.277391 0.210435 0.217391
1 0.042609 0.362609 0.081739 0.193043
