1 0.233913 0.721739 0.193043 0.246957
1 0.934783 0.921739 0.130435 0.156522
1 0.074783 0.648696 0.146087 0.236522
1 0.360000 0.102609 0.240000 0.201739
1 0.846957 0.181739 0.201739 0.210435
1 0.093913 0.083478 0.184348 0.163478
1 0.821739 0.472174 0.210435 0.245217
1 0.635652 0.800000 0.203478 0.205217
1 0.593913 0.180000 0.224348 0.231304
1 0.107826 0.413913 0.212174 0.226087
1 0.060870 0.933913 0.118261 0.132174
1 0.850435 0.727826 0.208696 0.248696
1 0.430435 0.895652 0.203478 0.208696
1 0.667826 0.954783 0.219130 0.090435
1 0.965217 0.680870 0.069565 0.203478
0 0.479130 0.508696 0.450435 0.464348
1 0.741739 0.050435 0.210435 0.097391
1 0.046087 0.292174 0.088696 0.191304
