1 0.919444 0.168044 0.161111 0.247934
1 0.681944 0.735537 0.202778 0.203857
1 0.670833 0.929752 0.269444 0.140496
1 0.059722 0.915978 0.113889 0.168044
1 0.352778 0.057851 0.233333 0.110193
1 0.479167 0.158402 0.230556 0.206612
1 0.136111 0.760331 0.238889 0.231405
1 0.188889 0.331956 0.222222 0.245179
1 0.734722 0.231405 0.202778 0.264463
1 0.419444 0.820937 0.311111 0.242424
1 0.872222 0.421488 0.233333 0.253444
1 0.230556 0.949036 0.222222 0.101928
1 0.963889 0.783747 0.072222 0.234160
1 0.743056 0.045455 0.275000 0.085399
1 0.038889 0.236915 0.072222 0.203857
1 0.793056 0.809917 0.225000 0.209366
1 0.248611 0.236915 0.252778 0.203857
1 0.412500 0.972452 0.219444 0.055096
1 0.030556 0.380165 0.055556 0.242424
1 0.047222 0.677686 0.088889 0.231405
0 0.500000 0.497245 0.411111 0.399449
