1 0.093913 0.911304 0.184348 0.173913
1 0.909565 0.140870 0.180870 0.278261
1 0.066087 0.423478 0.128696 0.231304
0 0.484348 0.494783 0.603478 0.506087
1 0.640000 0.163478 0.260870 0.229565
1 0.828696 0.618261 0.231304 0.273043
1 0.618261 0.894783 0.213913 0.210435
1 0.825217 0.906957 0.196522 0.186087
1 0.933043 0.365217 0.133913 0.250435
1 0.811304 0.328696 0.172174 0.267826
1 0.425217 0.094783 0.213913 0.186087
1 0.152174 0.192174 0.200000 0.224348
1 0.240000 0.145217 0.236522 0.203478
1 0.318261 0.851304 0.222609 0.231304
1 0.095652 0.618261 0.187826 0.241739
1 0.057391 0.089565 0.111304 0.175652
1 0.474783 0.886087 0.208696 0.227826
