0 0.436719 0.381250 0.285938 0.366667
1 0.525781 0.681250 0.185938 0.250000
1 0.926562 0.665625 0.146875 0.247917
1 0.683594 0.334375 0.195312 0.222917
1 0.928125 0.083333 0.143750 0.162500
1 0.607031 0.123958 0.201563 0.243750
1 0.775000 0.125000 0.150000 0.245833
1 0.064062 0.694792 0.125000 0.210417
1 0.787500 0.848958 0.209375 0.281250
1 0.929688 0.348958 0.134375 0.252083
1 0.784375 0.518750 0.181250 0.229167
1 0.298438 0.825000 0.203125 0.204167
1 0.375781 0.079167 0.179688 0.154167
1 0.961719 0.931250 0.076563 0.137500
1 0.163281 0.921875 0.164062 0.156250
2 0.813281 0.351042 0.060937 0.077083
1 0.044531 0.900000 0.085938 0.195833
1 0.577344 0.896875 0.189062 0.206250
1 0.171875 0.188542 0.165625 0.268750
1 0.062500 0.362500 0.121875 0.300000
2 0.646875 0.490625 0.065625 0.085417
1 0.194531 0.587500 0.173437 0.216667
1 0.341406 0.631250 0.154688 0.204167
