1 0.853365 0.391827 0.177885 0.192308
1 0.120192 0.637019 0.197115 0.206731
0 0.456731 0.239183 0.317308 0.420673
1 0.266827 0.789663 0.173077 0.209135
1 0.926683 0.105769 0.146635 0.187500
1 0.856971 0.627404 0.175481 0.230769
1 0.930288 0.835337 0.134615 0.228365
1 0.433894 0.914663 0.180288 0.170673
1 0.094952 0.098558 0.185096 0.182692
1 0.098558 0.859375 0.182692 0.233173
1 0.673077 0.656250 0.197115 0.201923
1 0.069712 0.316106 0.134615 0.228365
1 0.274038 0.474760 0.182692 0.237981
1 0.287260 0.096154 0.175481 0.187500
2 0.740385 0.968750 0.067308 0.062500
1 0.413462 0.650240 0.177885 0.223558
1 0.967548 0.620192 0.064904 0.221154
1 0.968750 0.405048 0.062500 0.228365
2 0.579327 0.768029 0.076923 0.088942
2 0.587740 0.456731 0.079327 0.100962
1 0.687500 0.849760 0.177885 0.213942
1 0.631010 0.042067 0.228365 0.079327
1 0.096154 0.826923 0.173077 0.168269
1 0.265625 0.317308 0.156250 0.173077
