1 0.228125 0.685417 0.162500 0.200000
0 0.577344 0.352083 0.326562 0.320833
1 0.310156 0.109375 0.170313 0.210417
1 0.463281 0.086458 0.170313 0.168750
1 0.641406 0.719792 0.154688 0.210417
1 0.114844 0.915625 0.148438 0.168750
1 0.285938 0.935417 0.178125 0.129167
1 0.597656 0.911458 0.170313 0.177083
2 0.217969 0.063542 0.057813 0.077083
1 0.668750 0.073958 0.193750 0.143750
1 0.770312 0.561458 0.143750 0.193750
1 0.974219 0.289583 0.051562 0.212500
1 0.972656 0.585417 0.054688 0.195833
1 0.100781 0.418750 0.160938 0.187500
1 0.043750 0.544792 0.084375 0.181250
1 0.627344 0.586458 0.170313 0.189583
1 0.073438 0.162500 0.143750 0.204167
1 0.491406 0.770833 0.157812 0.200000
1 0.389062 0.672917 0.140625 0.170833
1 0.708594 0.911458 0.142187 0.177083
1 0.042188 0.351042 0.081250 0.172917
1 0.868750 0.427083 0.156250 0.208333
1 0.383594 0.472917 0.192188 0.237500
1 0.886719 0.076042 0.189062 0.147917
