1 0.109722 0.095041 0.191667 0.184573
1 0.847222 0.112948 0.188889 0.220386
1 0.933333 0.644628 0.133333 0.209366
1 0.631944 0.081267 0.219444 0.157025
1 0.887500 0.889807 0.225000 0.209366
1 0.261111 0.782369 0.227778 0.231405
1 0.755556 0.330579 0.205556 0.209366
1 0.050000 0.914601 0.094444 0.170799
1 0.137500 0.575758 0.258333 0.209366
1 0.645833 0.873278 0.225000 0.225895
1 0.030556 0.728650 0.055556 0.212121
1 0.029167 0.256198 0.052778 0.231405
1 0.170833 0.973829 0.213889 0.052342
1 0.945833 0.465565 0.108333 0.165289
1 0.956944 0.035813 0.086111 0.066116
2 0.972222 0.341598 0.055556 0.088154
1 0.987500 0.185950 0.025000 0.201102
0 0.497222 0.465565 0.427778 0.699725
