1 0.075652 0.261739 0.147826 0.273043
1 0.350435 0.138261 0.269565 0.266087
1 0.749565 0.180000 0.226087 0.238261
1 0.895652 0.086957 0.205217 0.170435
1 0.407826 0.733913 0.290435 0.257391
1 0.096522 0.580870 0.189565 0.229565
1 0.644348 0.861739 0.231304 0.266087
1 0.036522 0.754783 0.069565 0.260870
0 0.495652 0.484348 0.354783 0.387826
1 0.906957 0.895652 0.186087 0.208696
1 0.325217 0.915652 0.240000 0.168696
1 0.207826 0.570435 0.234783 0.229565
1 0.632174 0.958261 0.241739 0.083478
1 0.879130 0.757391 0.238261 0.248696
1 0.612174 0.733913 0.264348 0.236522
2 0.464348 0.877391 0.076522 0.092174
