1 0.287826 0.936522 0.255652 0.126957
1 0.087826 0.128696 0.172174 0.253913
1 0.906957 0.705217 0.186087 0.280000
1 0.193913 0.581739 0.266087 0.290435
1 0.887826 0.298261 0.210435 0.280000
1 0.733043 0.164348 0.172174 0.245217
1 0.604348 0.900000 0.238261 0.196522
1 0.900000 0.072174 0.186087 0.140870
1 0.906087 0.958261 0.187826 0.083478
1 0.734783 0.653043 0.241739 0.283478
1 0.500870 0.730435 0.243478 0.212174
1 0.106087 0.346087 0.208696 0.229565
1 0.714783 0.948696 0.246957 0.102609
1 0.312174 0.346087 0.203478 0.278261
0 0.504348 0.494783 0.354783 0.328696
