1 0.478906 0.110417 0.157812 0.212500
1 0.174219 0.887500 0.154688 0.200000
0 0.579688 0.855208 0.365625 0.289583
1 0.046094 0.470833 0.089063 0.233333
1 0.342969 0.884375 0.167187 0.227083
1 0.425000 0.561458 0.146875 0.193750
1 0.478906 0.373958 0.167187 0.218750
1 0.689063 0.693750 0.168750 0.204167
1 0.298438 0.378125 0.196875 0.197917
1 0.640625 0.135417 0.165625 0.233333
1 0.237500 0.172917 0.171875 0.220833
1 0.083594 0.093750 0.164062 0.183333
1 0.056250 0.929167 0.109375 0.141667
1 0.719531 0.423958 0.129688 0.231250
1 0.153906 0.679167 0.167187 0.195833
1 0.307031 0.050000 0.170313 0.095833
1 0.194531 0.578125 0.132812 0.189583
1 0.020313 0.709375 0.037500 0.181250
1 0.973437 0.737500 0.053125 0.233333
2 0.232031 0.111458 0.070312 0.089583
1 0.962500 0.092708 0.075000 0.181250
1 0.882812 0.322917 0.143750 0.212500
1 0.882031 0.437500 0.164062 0.191667
1 0.944531 0.255208 0.110937 0.202083
1 0.876563 0.604167 0.162500 0.162500
1 0.873437 0.701042 0.137500 0.164583
1 0.825000 0.882292 0.203125 0.235417
