1 0.691304 0.924348 0.231304 0.151304
1 0.667826 0.093043 0.253913 0.182609
1 0.342609 0.850435 0.229565 0.233043
1 0.790435 0.615652 0.234783 0.226087
1 0.120870 0.780870 0.210435 0.222609
1 0.585217 0.778261 0.227826 0.231304
1 0.839130 0.265217 0.220870 0.255652
1 0.179130 0.554783 0.226087 0.243478
1 0.240870 0.090435 0.217391 0.177391
1 0.455652 0.964348 0.180870 0.071304
1 0.112174 0.315652 0.217391 0.241739
1 0.965217 0.864348 0.069565 0.243478
1 0.094783 0.951304 0.186087 0.097391
1 0.070435 0.100000 0.137391 0.196522
1 0.940870 0.740000 0.118261 0.210435
0 0.472174 0.473913 0.426087 0.405217
1 0.433913 0.033043 0.193043 0.062609
