0 0.768029 0.629808 0.353365 0.245192
1 0.075721 0.777644 0.146635 0.156250
1 0.112981 0.382212 0.211538 0.177885
1 0.516827 0.262019 0.211538 0.173077
1 0.737981 0.359375 0.225962 0.170673
1 0.075721 0.921875 0.146635 0.151442
1 0.926683 0.224760 0.141827 0.180288
1 0.240385 0.055288 0.221154 0.105769
1 0.581731 0.491587 0.197115 0.194712
1 0.955529 0.568510 0.088942 0.209135
1 0.591346 0.930288 0.206731 0.139423
1 0.352163 0.451923 0.242788 0.235577
1 0.038462 0.058894 0.072115 0.112981
1 0.206731 0.197115 0.235577 0.158654
1 0.150240 0.562500 0.199519 0.158654
1 0.453125 0.799279 0.194712 0.165865
1 0.908654 0.069712 0.177885 0.134615
1 0.332933 0.676683 0.170673 0.141827
1 0.635817 0.114183 0.223558 0.132212
1 0.580529 0.060096 0.247596 0.115385
1 0.584135 0.760817 0.230769 0.151442
1 0.846154 0.784856 0.245192 0.137019
1 0.884615 0.930288 0.221154 0.139423
1 0.751202 0.937500 0.165865 0.125000
1 0.274038 0.943510 0.230769 0.112981
1 0.426683 0.945913 0.228365 0.108173
1 0.236779 0.735577 0.199519 0.149038
1 0.752404 0.246394 0.216346 0.132212
