1 0.307826 0.913913 0.243478 0.168696
1 0.895652 0.598261 0.205217 0.222609
1 0.193043 0.266087 0.257391 0.253913
1 0.633913 0.206957 0.297391 0.240000
1 0.065217 0.754783 0.126957 0.243478
1 0.347826 0.099130 0.240000 0.194783
1 0.134783 0.084348 0.203478 0.165217
1 0.070435 0.929565 0.137391 0.140870
1 0.932174 0.060000 0.132174 0.116522
1 0.913043 0.379130 0.173913 0.198261
0 0.505217 0.533913 0.467826 0.466087
1 0.464348 0.046957 0.313043 0.090435
1 0.585217 0.891304 0.206957 0.213913
1 0.912174 0.174783 0.175652 0.200000
1 0.033913 0.382609 0.064348 0.177391
1 0.041739 0.535652 0.080000 0.163478
1 0.906087 0.950435 0.187826 0.099130
1 0.766087 0.856522 0.217391 0.269565
1 0.952174 0.836522 0.095652 0.257391
2 0.770435 0.046087 0.194783 0.088696
1 0.856522 0.298261 0.200000 0.182609
