0 0.364844 0.792708 0.364063 0.414583
1 0.653125 0.134375 0.159375 0.202083
1 0.214844 0.570833 0.170313 0.212500
1 0.578906 0.495833 0.164062 0.179167
1 0.885156 0.255208 0.170313 0.210417
1 0.930469 0.608333 0.135937 0.220833
1 0.680469 0.688542 0.164062 0.227083
1 0.856250 0.952083 0.184375 0.095833
1 0.064062 0.202083 0.125000 0.208333
1 0.358594 0.118750 0.173437 0.225000
1 0.950781 0.111458 0.098437 0.218750
1 0.811719 0.590625 0.157812 0.306250
1 0.078906 0.612500 0.154688 0.262500
1 0.633594 0.328125 0.157812 0.197917
1 0.393750 0.494792 0.178125 0.193750
1 0.059375 0.929167 0.115625 0.141667
2 0.229687 0.372917 0.065625 0.091667
1 0.350781 0.348958 0.142187 0.202083
1 0.978125 0.910417 0.043750 0.179167
1 0.710156 0.903125 0.164062 0.193750
1 0.979688 0.328125 0.040625 0.222917
1 0.040625 0.422917 0.078125 0.200000
1 0.482031 0.276042 0.160938 0.218750
1 0.614062 0.036458 0.150000 0.068750
1 0.145313 0.388542 0.131250 0.197917
1 0.756250 0.310417 0.134375 0.208333
