0 0.193510 0.569712 0.286058 0.375000
1 0.193510 0.213942 0.180288 0.168269
1 0.790865 0.431490 0.173077 0.189904
1 0.323317 0.329327 0.165865 0.182692
1 0.709135 0.953125 0.163462 0.093750
1 0.093750 0.936298 0.182692 0.127404
2 0.105769 0.324519 0.072115 0.086538
1 0.906250 0.965144 0.187500 0.069712
2 0.480769 0.417067 0.072115 0.074519
1 0.036058 0.403846 0.067308 0.211538
1 0.734375 0.816106 0.165865 0.180288
1 0.185096 0.847356 0.201923 0.194712
1 0.062500 0.105769 0.120192 0.192308
2 0.947115 0.912260 0.067308 0.079327
1 0.506010 0.653846 0.209135 0.230769
1 0.364183 0.228365 0.165865 0.173077
1 0.479567 0.939904 0.199519 0.120192
1 0.915865 0.741587 0.163462 0.199519
2 0.368990 0.442308 0.060096 0.067308
1 0.888221 0.629808 0.165865 0.192308
1 0.905048 0.110577 0.189904 0.216346
1 0.158654 0.038462 0.187500 0.072115
1 0.334135 0.878606 0.192308 0.218750
1 0.263221 0.043269 0.141827 0.081731
1 0.060096 0.741587 0.115385 0.194712
1 0.540865 0.163462 0.221154 0.264423
1 0.746394 0.068510 0.156250 0.132212
1 0.983173 0.569712 0.033654 0.201923
2 0.831731 0.750000 0.057692 0.072115
1 0.566106 0.865385 0.199519 0.211538
1 0.837740 0.322115 0.151442 0.182692
1 0.948317 0.260817 0.103365 0.175481
1 0.786058 0.164663 0.139423 0.156250
