2 0.834699 0.668022 0.095628 0.100271
1 0.088798 0.134146 0.172131 0.262873
1 0.271858 0.094851 0.243169 0.184282
0 0.465847 0.483740 0.461749 0.468835
1 0.913934 0.067751 0.172131 0.130081
1 0.091530 0.887534 0.177596 0.224932
1 0.080601 0.677507 0.155738 0.178862
1 0.579235 0.107046 0.240437 0.192412
1 0.636612 0.883469 0.218579 0.211382
1 0.441257 0.929539 0.215847 0.140921
1 0.359290 0.772358 0.254098 0.162602
1 0.699454 0.677507 0.207650 0.243902
1 0.963115 0.168022 0.073770 0.184282
1 0.102459 0.478320 0.199454 0.230352
