1 0.726957 0.286087 0.246957 0.234783
1 0.311304 0.072174 0.250435 0.140870
1 0.234783 0.784348 0.260870 0.253913
1 0.720000 0.868696 0.264348 0.259130
1 0.140870 0.484348 0.243478 0.238261
1 0.361739 0.271304 0.264348 0.236522
1 0.909565 0.942609 0.177391 0.114783
1 0.829565 0.066087 0.243478 0.128696
1 0.046087 0.909565 0.088696 0.173913
1 0.911304 0.585217 0.177391 0.234783
1 0.929565 0.309565 0.140870 0.226087
0 0.535652 0.562609 0.462609 0.422609
1 0.063478 0.231304 0.123478 0.226087
1 0.909565 0.942609 0.177391 0.114783
1 0.034783 0.642609 0.066087 0.189565
