0 0.357031 0.189583 0.326562 0.366667
1 0.918750 0.750000 0.162500 0.195833
1 0.582812 0.137500 0.156250 0.200000
1 0.087500 0.204167 0.171875 0.237500
1 0.527344 0.904167 0.198437 0.191667
1 0.827344 0.257292 0.173437 0.206250
1 0.069531 0.945833 0.135937 0.108333
1 0.870313 0.934375 0.162500 0.131250
1 0.257812 0.413542 0.190625 0.206250
1 0.164844 0.640625 0.185938 0.227083
1 0.975781 0.538542 0.048438 0.231250
1 0.970313 0.103125 0.059375 0.202083
1 0.031250 0.473958 0.059375 0.218750
1 0.593750 0.692708 0.206250 0.210417
1 0.799219 0.484375 0.151562 0.177083
1 0.428906 0.704167 0.182812 0.237500
1 0.680469 0.429167 0.157812 0.204167
1 0.438281 0.481250 0.170313 0.175000
1 0.293750 0.650000 0.128125 0.212500
1 0.883594 0.043750 0.164062 0.083333
1 0.881250 0.587500 0.140625 0.162500
