0 0.449219 0.804167 0.351562 0.391667
1 0.120313 0.559375 0.159375 0.210417
1 0.632031 0.082292 0.182812 0.160417
1 0.669531 0.713542 0.154688 0.193750
1 0.182031 0.881250 0.173437 0.225000
1 0.736719 0.496875 0.160938 0.243750
1 0.817187 0.217708 0.187500 0.222917
1 0.945312 0.078125 0.109375 0.152083
1 0.067187 0.343750 0.131250 0.200000
1 0.176563 0.348958 0.153125 0.222917
1 0.944531 0.915625 0.110937 0.168750
1 0.812500 0.046875 0.153125 0.089583
1 0.284375 0.575000 0.171875 0.208333
1 0.489063 0.459375 0.156250 0.185417
1 0.142187 0.082292 0.178125 0.160417
1 0.600000 0.596875 0.171875 0.222917
1 0.481250 0.035417 0.143750 0.066667
1 0.466406 0.247917 0.164062 0.208333
1 0.835156 0.451042 0.154688 0.210417
1 0.958594 0.515625 0.082812 0.202083
1 0.349219 0.370833 0.185938 0.187500
1 0.976562 0.743750 0.046875 0.195833
1 0.853906 0.789583 0.157812 0.200000
1 0.039062 0.866667 0.075000 0.266667
1 0.317188 0.065625 0.146875 0.127083
1 0.559375 0.983333 0.156250 0.033333
1 0.563281 0.241667 0.076563 0.175000
1 0.313281 0.210417 0.164062 0.129167
1 0.857812 0.669792 0.165625 0.127083
2 0.226562 0.717708 0.071875 0.097917
