1 0.926389 0.159780 0.147222 0.203857
1 0.365278 0.144628 0.230556 0.239669
1 0.050000 0.384298 0.094444 0.212121
1 0.705556 0.213499 0.244444 0.206612
1 0.054167 0.947658 0.102778 0.104683
1 0.576389 0.924242 0.247222 0.151515
1 0.793056 0.426997 0.202778 0.247934
1 0.087500 0.046832 0.169444 0.088154
1 0.202778 0.513774 0.205556 0.201102
1 0.952778 0.561983 0.094444 0.269972
1 0.281944 0.732782 0.247222 0.231405
1 0.647222 0.723140 0.261111 0.245179
1 0.240278 0.323691 0.202778 0.190083
1 0.812500 0.957300 0.202778 0.085399
1 0.219444 0.980716 0.227778 0.038567
1 0.786111 0.016529 0.233333 0.027548
1 0.966667 0.028926 0.066667 0.052342
0 0.502778 0.498623 0.355556 0.440771
