0 0.495192 0.811298 0.408654 0.377404
1 0.237981 0.635817 0.197115 0.223558
1 0.074519 0.697115 0.144231 0.225962
1 0.421875 0.223558 0.233173 0.250000
1 0.066106 0.370192 0.127404 0.245192
1 0.902644 0.164663 0.194712 0.242788
1 0.185096 0.918269 0.206731 0.163462
1 0.963942 0.522837 0.072115 0.218750
1 0.582933 0.396635 0.213942 0.264423
1 0.657452 0.263221 0.185096 0.228365
1 0.235577 0.259615 0.206731 0.283654
1 0.760817 0.574519 0.194712 0.216346
2 0.346154 0.588942 0.067308 0.072115
1 0.959135 0.326923 0.081731 0.173077
1 0.391827 0.073317 0.206731 0.141827
1 0.794471 0.943510 0.189904 0.112981
1 0.728365 0.715144 0.245192 0.276442
1 0.906250 0.030048 0.187500 0.055288
1 0.888221 0.725962 0.223558 0.259615
1 0.603365 0.050481 0.216346 0.096154
2 0.515625 0.592548 0.098558 0.103365
1 0.037260 0.131010 0.069712 0.223558
1 0.258413 0.062500 0.185096 0.120192
1 0.933894 0.959135 0.132212 0.081731
1 0.055288 0.954327 0.100962 0.091346
1 0.751202 0.135817 0.151442 0.199519
1 0.195913 0.439904 0.161058 0.206731
