0 0.757812 0.168750 0.237500 0.308333
1 0.354687 0.733333 0.153125 0.220833
1 0.098437 0.751042 0.165625 0.193750
1 0.564844 0.092708 0.154688 0.181250
1 0.530469 0.743750 0.192188 0.200000
1 0.688281 0.631250 0.167187 0.208333
1 0.060156 0.525000 0.117188 0.270833
1 0.576562 0.370833 0.181250 0.229167
1 0.219531 0.271875 0.198437 0.202083
2 0.453125 0.173958 0.065625 0.081250
1 0.913281 0.484375 0.173437 0.214583
2 0.353906 0.914583 0.067187 0.091667
1 0.049219 0.118750 0.095312 0.216667
1 0.957812 0.272917 0.084375 0.220833
1 0.471094 0.568750 0.154688 0.195833
1 0.177344 0.442708 0.164062 0.231250
1 0.842969 0.716667 0.182812 0.237500
1 0.360156 0.082292 0.192188 0.160417
1 0.979688 0.898958 0.040625 0.202083
1 0.742969 0.445833 0.170313 0.216667
1 0.206250 0.100000 0.184375 0.183333
1 0.980469 0.604167 0.039062 0.200000
1 0.403125 0.955208 0.150000 0.089583
1 0.057813 0.876042 0.112500 0.206250
1 0.328906 0.458333 0.135937 0.154167
1 0.362500 0.577083 0.137500 0.158333
1 0.639062 0.933333 0.193750 0.133333
1 0.473438 0.888542 0.150000 0.177083
1 0.385156 0.408333 0.129688 0.145833
