1 0.0977008 0.0919895 0.193511 0.183979
1 0.065854 0.526583 0.128344 0.206589
1 0.683278 0.923652 0.217102 0.152616
1 0.31653 0.0615873 0.221258 0.122992
1 0.898825 0.4077 0.20235 0.225928
1 0.762779 0.484954 0.208853 0.210602
1 0.431905 0.275378 0.231119 0.195947
1 0.956263 0.168546 0.0874749 0.215867
1 0.797896 0.111478 0.216071 0.222447
1 0.899922 0.943702 0.199783 0.111442
1 0.55631 0.0967928 0.238023 0.193586
1 0.466645 0.942809 0.197359 0.114052
1 0.898077 0.691834 0.203846 0.230991
1 0.120018 0.317716 0.226706 0.228243
1 0.261085 0.527752 0.219301 0.27285
1 0.672139 0.714493 0.231141 0.228948
1 0.162896 0.72478 0.213091 0.266871
1 0.346482 0.812092 0.213679 0.236431
0 0.501227 0.499659 0.270255 0.25977
