0 0.487981 0.343750 0.399038 0.456731
1 0.299279 0.956731 0.194712 0.086538
1 0.895433 0.498798 0.185096 0.218750
1 0.139423 0.615385 0.139423 0.163462
1 0.453125 0.838942 0.189904 0.225962
2 0.937500 0.086538 0.062500 0.067308
2 0.174279 0.099760 0.069712 0.069712
1 0.510817 0.953125 0.165865 0.093750
1 0.792067 0.914663 0.151442 0.170673
1 0.131010 0.950721 0.127404 0.098558
1 0.056490 0.687500 0.108173 0.211538
1 0.079327 0.447115 0.153846 0.211538
1 0.864183 0.286058 0.185096 0.201923
1 0.076923 0.246394 0.149038 0.223558
1 0.727163 0.445913 0.170673 0.209135
1 0.687500 0.800481 0.177885 0.182692
1 0.215144 0.289663 0.141827 0.170673
1 0.679087 0.689904 0.161058 0.163462
1 0.957933 0.897837 0.084135 0.199519
1 0.046875 0.141827 0.088942 0.168269
1 0.686298 0.075721 0.165865 0.146635
1 0.843750 0.831731 0.153846 0.158654
1 0.820913 0.078125 0.161058 0.151442
1 0.317308 0.088942 0.216346 0.173077
1 0.264423 0.453125 0.139423 0.194712
