1 0.573317 0.108173 0.180288 0.201923
1 0.372596 0.064904 0.177885 0.125000
1 0.652644 0.927885 0.194712 0.144231
1 0.120192 0.915865 0.163462 0.168269
1 0.840144 0.931490 0.170673 0.137019
1 0.182692 0.772837 0.182692 0.189904
1 0.823317 0.305288 0.199519 0.221154
1 0.323317 0.926683 0.194712 0.146635
1 0.415865 0.873798 0.197115 0.233173
1 0.817308 0.752404 0.182692 0.206731
1 0.039663 0.781250 0.074519 0.201923
1 0.954327 0.745192 0.091346 0.225962
1 0.739183 0.572115 0.165865 0.230769
1 0.049279 0.060096 0.093750 0.115385
1 0.920673 0.098558 0.158654 0.182692
1 0.971154 0.311298 0.057692 0.242788
1 0.114183 0.257212 0.137019 0.197115
0 0.399038 0.461538 0.456731 0.567308
1 0.616587 0.745192 0.141827 0.182692
1 0.580529 0.645433 0.161058 0.209135
1 0.258413 0.725962 0.223558 0.221154
1 0.200721 0.144231 0.137019 0.206731
