1 0.896522 0.804348 0.203478 0.220870
1 0.072174 0.130435 0.140870 0.215652
1 0.232174 0.840000 0.241739 0.222609
1 0.042609 0.840000 0.081739 0.226087
1 0.480870 0.834783 0.217391 0.264348
1 0.115652 0.580000 0.227826 0.238261
1 0.106957 0.335652 0.210435 0.215652
1 0.290435 0.162609 0.219130 0.217391
1 0.687826 0.961739 0.238261 0.076522
1 0.766957 0.763478 0.187826 0.323478
1 0.881739 0.164348 0.236522 0.227826
1 0.873043 0.442609 0.233043 0.220870
0 0.511304 0.456522 0.612174 0.530435
1 0.800000 0.216522 0.250435 0.179130
