1 0.233333 0.920110 0.205556 0.159780
1 0.169444 0.688705 0.194444 0.214876
1 0.247222 0.214876 0.205556 0.209366
1 0.915278 0.727273 0.169444 0.203857
1 0.845833 0.936639 0.169444 0.126722
1 0.952778 0.093664 0.094444 0.181818
1 0.068056 0.898072 0.130556 0.203857
1 0.926389 0.388430 0.147222 0.220386
1 0.038889 0.709366 0.072222 0.190083
1 0.593056 0.921488 0.241667 0.151515
1 0.073611 0.132231 0.141667 0.236915
1 0.848611 0.530303 0.186111 0.212121
1 0.830556 0.035813 0.227778 0.066116
1 0.705556 0.141873 0.222222 0.217631
1 0.631944 0.075758 0.197222 0.146006
1 0.073611 0.512397 0.141667 0.198347
1 0.320833 0.152893 0.197222 0.195592
1 0.459722 0.907713 0.169444 0.184573
1 0.029167 0.115702 0.052778 0.225895
2 0.223611 0.502755 0.080556 0.074380
1 0.075000 0.406336 0.144444 0.162534
1 0.683333 0.831956 0.216667 0.209366
1 0.975000 0.439394 0.050000 0.201102
0 0.502778 0.475207 0.516667 0.702479
