1 0.100000 0.717631 0.194444 0.190083
1 0.081944 0.052342 0.158333 0.099174
1 0.945833 0.199725 0.108333 0.234160
1 0.619444 0.100551 0.244444 0.195592
1 0.309722 0.775482 0.175000 0.201102
1 0.144444 0.910468 0.211111 0.179063
1 0.238889 0.159780 0.238889 0.253444
1 0.944444 0.439394 0.111111 0.217631
1 0.893056 0.801653 0.213889 0.225895
1 0.836111 0.424242 0.211111 0.220386
1 0.773611 0.935262 0.252778 0.129477
1 0.331944 0.024793 0.236111 0.044077
1 0.469444 0.833333 0.233333 0.195592
2 0.300000 0.925620 0.094444 0.088154
1 0.487500 0.982094 0.225000 0.035813
0 0.504167 0.493113 0.469444 0.512397
1 0.284722 0.991736 0.163889 0.016529
