1 0.090278 0.187328 0.175000 0.214876
1 0.275000 0.053719 0.194444 0.101928
1 0.065278 0.422865 0.125000 0.223140
1 0.081944 0.880165 0.158333 0.195592
1 0.904167 0.940771 0.191667 0.118457
1 0.220833 0.358127 0.197222 0.192837
1 0.566667 0.790634 0.244444 0.231405
1 0.816667 0.747934 0.211111 0.267218
1 0.633333 0.048209 0.250000 0.090909
1 0.090278 0.033058 0.175000 0.060606
1 0.333333 0.849862 0.222222 0.256198
1 0.330556 0.263085 0.261111 0.201102
1 0.809722 0.353994 0.275000 0.228650
1 0.791667 0.181818 0.238889 0.242424
2 0.193056 0.731405 0.091667 0.085399
1 0.019444 0.666667 0.033333 0.247934
0 0.500000 0.498623 0.361111 0.341598
