0 0.812500 0.644231 0.312500 0.418269
1 0.933894 0.424279 0.132212 0.189904
1 0.346154 0.596154 0.187500 0.216346
1 0.144231 0.522837 0.197115 0.233173
1 0.545673 0.840144 0.182692 0.189904
1 0.932692 0.893029 0.134615 0.213942
1 0.487981 0.108173 0.187500 0.211538
1 0.213942 0.212740 0.206731 0.242788
1 0.281250 0.816106 0.187500 0.209135
1 0.775240 0.310096 0.165865 0.201923
1 0.157452 0.745192 0.175481 0.206731
1 0.040865 0.306490 0.076923 0.223558
1 0.331731 0.390625 0.211538 0.180288
1 0.532452 0.705529 0.180288 0.209135
1 0.756010 0.965144 0.180288 0.069712
1 0.317308 0.117788 0.177885 0.225962
1 0.635817 0.890625 0.199519 0.209135
1 0.358173 0.956731 0.245192 0.086538
1 0.445913 0.348558 0.156250 0.240385
1 0.604567 0.485577 0.204327 0.182692
1 0.651442 0.246394 0.153846 0.242788
1 0.766827 0.044471 0.149038 0.084135
