1 0.420673 0.256010 0.187500 0.223558
1 0.243990 0.897837 0.204327 0.189904
0 0.070913 0.762019 0.137019 0.399038
1 0.292067 0.430288 0.209135 0.240385
1 0.883413 0.740385 0.189904 0.221154
1 0.286058 0.691106 0.206731 0.223558
1 0.443510 0.501202 0.185096 0.209135
1 0.915865 0.355769 0.168269 0.206731
1 0.756010 0.498798 0.189904 0.204327
1 0.268029 0.152644 0.189904 0.237981
1 0.917067 0.930288 0.165865 0.139423
1 0.692308 0.814904 0.192308 0.192308
1 0.620192 0.274038 0.197115 0.197115
1 0.086538 0.965144 0.158654 0.069712
1 0.447115 0.629808 0.201923 0.182692
2 0.353365 0.021635 0.081731 0.038462
1 0.918269 0.093750 0.158654 0.182692
1 0.563702 0.816106 0.204327 0.209135
1 0.848558 0.498798 0.197115 0.218750
1 0.176683 0.493990 0.189904 0.213942
1 0.703125 0.072115 0.141827 0.139423
1 0.027644 0.149038 0.050481 0.230769
1 0.558894 0.606971 0.141827 0.137019
