1 0.336111 0.289256 0.216667 0.198347
1 0.087500 0.477961 0.169444 0.223140
1 0.890278 0.582645 0.180556 0.206612
1 0.727778 0.921488 0.244444 0.151515
1 0.113889 0.187328 0.222222 0.220386
1 0.423611 0.097796 0.213889 0.190083
1 0.286111 0.922865 0.211111 0.154270
1 0.497222 0.947658 0.222222 0.099174
1 0.927778 0.366391 0.144444 0.253444
1 0.698611 0.687328 0.225000 0.228650
1 0.144444 0.727273 0.244444 0.225895
1 0.058333 0.902204 0.111111 0.195592
1 0.273611 0.523416 0.186111 0.247934
1 0.856944 0.111570 0.230556 0.217631
1 0.631944 0.213499 0.230556 0.234160
1 0.466667 0.769972 0.216667 0.212121
1 0.113889 0.033058 0.222222 0.060606
1 0.558333 0.048209 0.261111 0.090909
0 0.502778 0.501377 0.261111 0.264463
