1 0.109587 0.818889 0.21389 0.20745
1 0.718837 0.271832 0.219505 0.229086
1 0.431802 0.198703 0.223205 0.226767
1 0.807131 0.49326 0.23294 0.240151
1 0.188059 0.56026 0.177028 0.212915
1 0.841764 0.791224 0.197294 0.2304
1 0.118501 0.971027 0.237001 0.0579469
1 0.226779 0.403663 0.223288 0.242548
1 0.556311 0.810897 0.254135 0.2252
1 0.0234694 0.552244 0.0469387 0.229925
0 0.498423 0.497381 0.297112 0.29641
2 0.333322 0.0327767 0.103445 0.0645328
1 0.896948 0.877243 0.206104 0.219122
1 0.919142 0.284525 0.161716 0.293571
1 0.777134 0.0393295 0.316851 0.0763463
1 0.642397 0.743995 0.193026 0.225509
1 0.206961 0.792513 0.206304 0.242027
1 0.911496 0.145931 0.174079 0.162972
1 0.0232649 0.0675215 0.0465298 0.133345
1 0.836817 0.0391387 0.194549 0.0775653
