1 0.886111 0.365014 0.211111 0.245179
1 0.887500 0.086777 0.219444 0.168044
1 0.944444 0.917355 0.111111 0.165289
1 0.786111 0.593664 0.261111 0.228650
1 0.486111 0.939394 0.188889 0.121212
1 0.037500 0.663912 0.069444 0.242424
1 0.520833 0.170799 0.225000 0.203857
1 0.236111 0.359504 0.233333 0.217631
1 0.687500 0.276860 0.208333 0.239669
1 0.440278 0.024793 0.230556 0.044077
1 0.204167 0.132231 0.247222 0.220386
1 0.159722 0.568871 0.225000 0.234160
1 0.518056 0.758953 0.219444 0.217631
1 0.756944 0.787879 0.247222 0.242424
1 0.965278 0.559229 0.069444 0.253444
0 0.500000 0.501377 0.283333 0.292011
1 0.280556 0.964187 0.211111 0.071625
1 0.968056 0.194215 0.063889 0.179063
1 0.105556 0.022039 0.205556 0.038567
2 0.672222 0.494490 0.066667 0.085399
