1 0.533333 0.068871 0.205556 0.132231
1 0.087500 0.424242 0.169444 0.209366
1 0.833333 0.721763 0.238889 0.220386
1 0.148611 0.648760 0.241667 0.239669
1 0.252778 0.382920 0.205556 0.236915
1 0.087500 0.216253 0.169444 0.212121
1 0.704167 0.960055 0.247222 0.079890
1 0.945833 0.101928 0.108333 0.198347
1 0.891667 0.287879 0.216667 0.223140
1 0.591667 0.796143 0.216667 0.242424
1 0.291667 0.111570 0.227778 0.217631
1 0.965278 0.859504 0.069444 0.220386
1 0.677778 0.216253 0.233333 0.234160
1 0.372222 0.764463 0.233333 0.239669
1 0.827778 0.541322 0.222222 0.206612
1 0.034722 0.048209 0.063889 0.090909
0 0.506944 0.500000 0.308333 0.327824
