1 0.483478 0.751304 0.208696 0.212174
1 0.920000 0.056522 0.156522 0.109565
1 0.128696 0.180000 0.208696 0.241739
1 0.903478 0.375652 0.193043 0.212174
1 0.066087 0.714783 0.128696 0.240000
1 0.254783 0.336522 0.220870 0.217391
1 0.090435 0.499130 0.177391 0.226087
1 0.929565 0.879130 0.140870 0.234783
1 0.806087 0.200870 0.238261 0.234783
1 0.101739 0.912174 0.200000 0.172174
1 0.269565 0.560870 0.194783 0.241739
1 0.782609 0.568696 0.229565 0.240000
1 0.502609 0.113043 0.233043 0.222609
0 0.508696 0.500000 0.280000 0.280000
1 0.750435 0.819130 0.217391 0.243478
1 0.952174 0.556522 0.095652 0.250435
1 0.646957 0.946957 0.229565 0.106087
1 0.708696 0.032174 0.234783 0.060870
