0 0.676683 0.802885 0.463942 0.312500
1 0.215144 0.425481 0.204327 0.173077
1 0.643029 0.423077 0.199519 0.182692
1 0.080529 0.563702 0.156250 0.180288
1 0.134615 0.263221 0.230769 0.170673
1 0.849760 0.286058 0.209135 0.168269
1 0.878606 0.453125 0.233173 0.175481
1 0.518029 0.954327 0.209135 0.091346
1 0.959135 0.080529 0.081731 0.156250
2 0.467548 0.449519 0.079327 0.067308
1 0.198317 0.722356 0.218750 0.194712
1 0.828125 0.088942 0.185096 0.173077
1 0.366587 0.085337 0.223558 0.146635
1 0.633413 0.209135 0.209135 0.168269
1 0.286058 0.906250 0.230769 0.187500
1 0.973558 0.350962 0.052885 0.182692
1 0.400240 0.237981 0.247596 0.158654
1 0.099760 0.064904 0.194712 0.125000
1 0.616587 0.099760 0.213942 0.127404
1 0.606971 0.048077 0.242788 0.091346
1 0.289663 0.852163 0.209135 0.146635
1 0.461538 0.355769 0.235577 0.125000
1 0.789663 0.968750 0.290865 0.062500
