1 0.062609 0.861739 0.121739 0.276522
1 0.242609 0.096522 0.283478 0.189565
1 0.893043 0.200870 0.213913 0.276522
1 0.708696 0.123478 0.189565 0.243478
1 0.128696 0.671304 0.253913 0.250435
1 0.313043 0.848696 0.250435 0.281739
1 0.509565 0.056522 0.240000 0.109565
1 0.138261 0.446957 0.273043 0.212174
1 0.171304 0.242609 0.307826 0.210435
1 0.880000 0.698261 0.240000 0.276522
1 0.182609 0.941739 0.226087 0.116522
1 0.837391 0.049565 0.300870 0.095652
1 0.361739 0.193913 0.236522 0.227826
0 0.566087 0.480000 0.481739 0.480000
1 0.433913 0.739130 0.311304 0.250435
1 0.882609 0.492174 0.217391 0.240000
