1 0.629565 0.134783 0.271304 0.266087
1 0.875652 0.193913 0.238261 0.238261
1 0.898261 0.960870 0.203478 0.078261
1 0.193913 0.150435 0.196522 0.200000
1 0.082609 0.084348 0.161739 0.165217
1 0.854783 0.616522 0.248696 0.241739
0 0.497391 0.513913 0.525217 0.579130
1 0.401739 0.883478 0.257391 0.212174
1 0.860000 0.399130 0.266087 0.206957
1 0.168696 0.513913 0.246957 0.224348
1 0.164348 0.329565 0.273043 0.196522
1 0.355652 0.237391 0.161739 0.266087
1 0.620870 0.882609 0.226087 0.206957
1 0.814783 0.848696 0.262609 0.250435
