1 0.620833 0.778237 0.180556 0.239669
1 0.454167 0.822314 0.191667 0.217631
1 0.069444 0.836088 0.133333 0.195592
1 0.255556 0.836088 0.200000 0.190083
1 0.897222 0.428375 0.188889 0.179063
1 0.072222 0.617080 0.138889 0.214876
1 0.719444 0.344353 0.216667 0.236915
1 0.518056 0.220386 0.186111 0.203857
1 0.616667 0.950413 0.172222 0.099174
1 0.077778 0.280992 0.150000 0.247934
1 0.372222 0.962810 0.233333 0.074380
1 0.619444 0.079890 0.205556 0.154270
1 0.887500 0.151515 0.225000 0.220386
1 0.823611 0.836088 0.219444 0.212121
1 0.300000 0.308540 0.227778 0.220386
1 0.379167 0.033058 0.225000 0.060606
1 0.815278 0.560606 0.208333 0.223140
1 0.925000 0.874656 0.150000 0.212121
2 0.245833 0.136364 0.108333 0.101928
1 0.073611 0.074380 0.141667 0.143251
1 0.970833 0.257576 0.058333 0.184573
1 0.045833 0.943526 0.086111 0.112948
0 0.502778 0.498623 0.255556 0.258953
1 0.229167 0.548209 0.191667 0.203857
1 0.313889 0.626722 0.205556 0.217631
1 0.729167 0.039945 0.175000 0.074380
1 0.150000 0.213499 0.211111 0.234160
