1 0.790278 0.221763 0.225000 0.228650
1 0.095833 0.522039 0.186111 0.212121
1 0.929167 0.608815 0.141667 0.258953
1 0.237500 0.940771 0.258333 0.118457
1 0.652778 0.042700 0.238889 0.079890
1 0.544444 0.877410 0.294444 0.217631
1 0.779167 0.665289 0.213889 0.245179
1 0.068056 0.045455 0.130556 0.085399
1 0.272222 0.539945 0.200000 0.242424
1 0.168056 0.192837 0.225000 0.209366
1 0.952778 0.150138 0.094444 0.206612
2 0.959722 0.230028 0.080556 0.079890
1 0.656944 0.977961 0.230556 0.044077
1 0.197222 0.092287 0.233333 0.179063
1 0.237500 0.392562 0.163889 0.184573
1 0.931944 0.979339 0.136111 0.041322
0 0.509722 0.498623 0.458333 0.595041
1 0.054167 0.606061 0.102778 0.220386
