1 0.159722 0.753444 0.191667 0.217631
1 0.084722 0.444904 0.163889 0.239669
1 0.927778 0.403581 0.144444 0.195592
1 0.195833 0.940771 0.213889 0.118457
1 0.856944 0.942149 0.191667 0.115702
1 0.745833 0.820937 0.213889 0.203857
1 0.901389 0.088154 0.197222 0.170799
1 0.150000 0.035813 0.238889 0.066116
1 0.027778 0.771350 0.050000 0.236915
1 0.243056 0.173554 0.208333 0.242424
1 0.863889 0.606061 0.233333 0.220386
1 0.798611 0.271350 0.230556 0.234160
1 0.022222 0.108815 0.038889 0.212121
1 0.487500 0.199725 0.252778 0.228650
1 0.965278 0.710744 0.069444 0.258953
1 0.504167 0.039945 0.213889 0.074380
0 0.497222 0.548209 0.566667 0.479339
