0 0.497656 0.782292 0.407813 0.431250
1 0.147656 0.280208 0.176563 0.193750
1 0.234375 0.929167 0.159375 0.141667
1 0.652344 0.370833 0.185938 0.233333
1 0.082031 0.838542 0.157812 0.214583
1 0.822656 0.951042 0.195312 0.097917
1 0.942187 0.276042 0.115625 0.202083
1 0.171094 0.803125 0.167187 0.189583
1 0.321875 0.078125 0.181250 0.152083
1 0.294531 0.490625 0.189062 0.193750
1 0.792188 0.521875 0.146875 0.206250
1 0.914062 0.084375 0.159375 0.164583
1 0.032813 0.068750 0.062500 0.133333
1 0.417187 0.965625 0.193750 0.068750
1 0.081250 0.105208 0.159375 0.197917
1 0.774219 0.177083 0.160938 0.237500
1 0.939063 0.871875 0.121875 0.202083
1 0.885156 0.705208 0.167187 0.189583
1 0.286719 0.225000 0.157812 0.150000
1 0.421875 0.294792 0.153125 0.189583
1 0.504687 0.423958 0.131250 0.185417
1 0.844531 0.397917 0.145313 0.187500
1 0.923438 0.538542 0.134375 0.181250
1 0.825000 0.813542 0.115625 0.152083
1 0.030469 0.417708 0.057813 0.235417
1 0.075781 0.619792 0.148438 0.235417
