1 0.913889 0.247934 0.172222 0.203857
1 0.950000 0.068871 0.100000 0.132231
1 0.905556 0.842975 0.188889 0.220386
1 0.273611 0.794766 0.225000 0.212121
1 0.722222 0.752066 0.227778 0.242424
1 0.715278 0.230028 0.208333 0.190083
1 0.202778 0.130854 0.211111 0.223140
1 0.415278 0.126722 0.213889 0.236915
1 0.726389 0.101928 0.213889 0.198347
1 0.859722 0.455923 0.197222 0.206612
1 0.394444 0.962810 0.250000 0.074380
1 0.897222 0.577135 0.205556 0.223140
1 0.523611 0.834711 0.213889 0.220386
1 0.029167 0.731405 0.052778 0.195592
1 0.316667 0.026171 0.250000 0.046832
1 0.061111 0.893939 0.116667 0.206612
1 0.154167 0.476584 0.269444 0.253444
2 0.572222 0.159780 0.088889 0.082645
2 0.729167 0.453168 0.091667 0.090909
1 0.806944 0.030303 0.225000 0.055096
1 0.883333 0.983471 0.233333 0.033058
0 0.502778 0.501377 0.344444 0.369146
