1 0.359146 0.734556 0.204127 0.20293
1 0.197695 0.887922 0.221799 0.202309
1 0.602635 0.192851 0.194161 0.194851
1 0.952734 0.640479 0.0945324 0.232856
1 0.307926 0.237874 0.231132 0.22962
1 0.211329 0.0676739 0.231895 0.131599
1 0.849931 0.453274 0.237841 0.244849
1 0.0354752 0.758709 0.0704721 0.206344
1 0.0419085 0.31751 0.0805928 0.225256
1 0.431498 0.885549 0.227831 0.216349
1 0.177979 0.469539 0.254614 0.227985
2 0.589664 0.763054 0.093873 0.103455
1 0.797176 0.984816 0.24189 0.0303675
0 0.495621 0.491772 0.332044 0.319638
1 0.768194 0.733272 0.151339 0.154917
1 0.984717 0.867143 0.0305668 0.20931
