0 0.168269 0.194712 0.322115 0.336538
1 0.323317 0.585337 0.252404 0.204327
1 0.542067 0.495192 0.209135 0.206731
1 0.379808 0.186298 0.192308 0.156250
1 0.295673 0.325721 0.201923 0.161058
1 0.795673 0.822115 0.245192 0.182692
1 0.362981 0.051683 0.192308 0.098558
1 0.944712 0.197115 0.110577 0.168269
1 0.617788 0.320913 0.216346 0.161058
1 0.945913 0.856971 0.108173 0.165865
1 0.043269 0.873798 0.081731 0.146635
1 0.048077 0.602163 0.091346 0.165865
1 0.865385 0.444712 0.225962 0.221154
1 0.120192 0.442308 0.230769 0.173077
1 0.784856 0.211538 0.218750 0.177885
1 0.319712 0.796875 0.201923 0.180288
1 0.728365 0.645433 0.240385 0.170673
1 0.546875 0.861779 0.213942 0.170673
1 0.433894 0.938702 0.223558 0.122596
1 0.201923 0.926683 0.225962 0.146635
1 0.701923 0.948317 0.211538 0.103365
1 0.820913 0.058894 0.199519 0.112981
1 0.164663 0.734375 0.266827 0.151442
1 0.722356 0.127404 0.233173 0.139423
