1 0.962609 0.374783 0.074783 0.231304
1 0.192174 0.679130 0.241739 0.227826
1 0.699130 0.219130 0.215652 0.222609
1 0.218261 0.217391 0.231304 0.240000
1 0.847826 0.692174 0.213913 0.246957
1 0.047826 0.840870 0.092174 0.220870
1 0.100000 0.493913 0.196522 0.191304
1 0.822609 0.411304 0.198261 0.266087
1 0.953913 0.148696 0.092174 0.231304
1 0.593913 0.860870 0.224348 0.243478
1 0.455652 0.149565 0.212174 0.246957
1 0.349565 0.859130 0.208696 0.236522
1 0.046957 0.176522 0.090435 0.238261
0 0.510435 0.493043 0.457391 0.446957
