1 0.676389 0.709366 0.186111 0.184573
1 0.277778 0.728650 0.183333 0.184573
1 0.161111 0.432507 0.200000 0.203857
1 0.037500 0.732782 0.069444 0.253444
1 0.038889 0.491736 0.072222 0.223140
1 0.134722 0.117080 0.219444 0.228650
1 0.758333 0.585399 0.200000 0.228650
1 0.822222 0.392562 0.183333 0.151515
1 0.870833 0.497245 0.213889 0.223140
1 0.045833 0.973829 0.086111 0.052342
1 0.265278 0.119835 0.158333 0.228650
1 0.920833 0.878788 0.158333 0.132231
1 0.556944 0.112948 0.225000 0.176309
1 0.909722 0.238292 0.180556 0.162534
1 0.890278 0.953168 0.208333 0.093664
1 0.591667 0.210744 0.244444 0.217631
1 0.884722 0.163912 0.208333 0.162534
0 0.506944 0.497245 0.308333 0.327824
