1 0.697222 0.068871 0.211111 0.132231
1 0.070833 0.110193 0.136111 0.214876
1 0.925000 0.710744 0.150000 0.258953
1 0.052778 0.460055 0.100000 0.247934
1 0.295833 0.880165 0.175000 0.239669
1 0.268056 0.280992 0.236111 0.225895
1 0.686111 0.907713 0.233333 0.184573
1 0.484722 0.044077 0.219444 0.082645
1 0.050000 0.688705 0.094444 0.203857
1 0.480556 0.815427 0.227778 0.214876
1 0.475000 0.961433 0.222222 0.077135
1 0.726389 0.707989 0.241667 0.225895
1 0.144444 0.808540 0.211111 0.261708
1 0.879167 0.497245 0.241667 0.239669
1 0.747222 0.290634 0.250000 0.239669
0 0.509722 0.508264 0.386111 0.377410
