0 0.396635 0.813702 0.461538 0.338942
1 0.058894 0.200721 0.112981 0.161058
1 0.242788 0.084135 0.201923 0.163462
1 0.050481 0.668269 0.096154 0.168269
1 0.235577 0.230769 0.206731 0.158654
1 0.689904 0.419471 0.211538 0.165865
1 0.948317 0.917067 0.103365 0.165865
1 0.908654 0.813702 0.163462 0.132212
2 0.728365 0.600962 0.086538 0.076923
1 0.427885 0.216346 0.192308 0.163462
1 0.674279 0.086538 0.194712 0.158654
1 0.471154 0.402644 0.211538 0.151442
1 0.097356 0.478365 0.189904 0.197115
1 0.716346 0.241587 0.206731 0.141827
1 0.753606 0.972356 0.127404 0.055288
0 0.953125 0.650240 0.093750 0.247596
1 0.944712 0.371394 0.110577 0.151442
1 0.338942 0.377404 0.182692 0.158654
1 0.951923 0.271635 0.096154 0.168269
1 0.123798 0.936298 0.194712 0.127404
1 0.780048 0.703125 0.233173 0.204327
1 0.230769 0.582933 0.211538 0.175481
1 0.576923 0.496394 0.221154 0.151442
1 0.466346 0.060096 0.192308 0.115385
1 0.854567 0.056490 0.161058 0.108173
1 0.876202 0.492788 0.213942 0.120192
