1 0.096522 0.831304 0.189565 0.253913
1 0.065217 0.470435 0.126957 0.231304
1 0.219130 0.076522 0.246957 0.149565
1 0.640870 0.925217 0.210435 0.149565
1 0.681739 0.740000 0.240000 0.241739
1 0.054783 0.099130 0.106087 0.194783
1 0.901739 0.772174 0.196522 0.267826
1 0.396522 0.766957 0.240000 0.253913
1 0.292174 0.916522 0.201739 0.163478
1 0.788696 0.106087 0.245217 0.208696
1 0.926957 0.486087 0.146087 0.259130
1 0.174783 0.324348 0.200000 0.203478
1 0.388696 0.956522 0.213913 0.086957
0 0.505217 0.453043 0.516522 0.474783
