1 0.900000 0.092287 0.200000 0.179063
1 0.805556 0.399449 0.183333 0.203857
1 0.734722 0.903581 0.202778 0.192837
1 0.681944 0.235537 0.197222 0.201102
1 0.176389 0.451791 0.197222 0.203857
1 0.937500 0.829201 0.125000 0.214876
1 0.170833 0.823691 0.197222 0.214876
1 0.395833 0.899449 0.197222 0.201102
1 0.495833 0.085399 0.197222 0.165289
1 0.286111 0.063361 0.211111 0.121212
1 0.927778 0.271350 0.144444 0.173554
1 0.937500 0.515152 0.125000 0.231405
1 0.626389 0.856749 0.180556 0.198347
1 0.206944 0.225895 0.208333 0.220386
1 0.087500 0.046832 0.169444 0.088154
1 0.813889 0.633609 0.194444 0.242424
1 0.202778 0.969697 0.216667 0.060606
1 0.033333 0.768595 0.061111 0.198347
1 0.381944 0.780992 0.208333 0.173554
1 0.020833 0.391185 0.036111 0.209366
2 0.037500 0.488981 0.069444 0.074380
1 0.248611 0.724518 0.180556 0.170799
0 0.498611 0.504132 0.463889 0.440771
