1 0.791678 0.463785 0.229403 0.229005
1 0.38079 0.962934 0.2292 0.0741311
1 0.123528 0.712343 0.199404 0.204572
1 0.0405067 0.185523 0.0792175 0.251349
1 0.818972 0.080526 0.231251 0.159862
1 0.191977 0.109599 0.245391 0.219197
1 0.953789 0.746165 0.0924227 0.257596
1 0.0750525 0.899156 0.148541 0.162472
1 0.146048 0.319909 0.22765 0.198742
1 0.214047 0.408804 0.216065 0.233314
1 0.714865 0.892256 0.249545 0.214338
1 0.884266 0.359462 0.231468 0.234515
1 0.808044 0.6858 0.232283 0.220606
1 0.403047 0.814396 0.213574 0.224506
1 0.971619 0.165743 0.056762 0.224903
1 0.612429 0.780319 0.215183 0.255377
1 0.372004 0.260595 0.231954 0.245196
1 0.248684 0.655605 0.237474 0.238228
1 0.370572 0.0305033 0.232757 0.0600566
1 0.616636 0.036356 0.231254 0.0719049
1 0.116653 0.968251 0.230669 0.0634978
1 0.0357856 0.557522 0.0715712 0.27042
0 0.507776 0.498958 0.316876 0.317959
