1 0.358333 0.921488 0.216667 0.157025
1 0.034722 0.506887 0.063889 0.236915
1 0.673611 0.090909 0.219444 0.176309
1 0.355556 0.130854 0.200000 0.228650
1 0.954167 0.210744 0.091667 0.212121
1 0.920833 0.809917 0.158333 0.220386
1 0.897222 0.073003 0.200000 0.140496
1 0.802778 0.331956 0.200000 0.212121
1 0.144444 0.081267 0.211111 0.157025
1 0.769444 0.694215 0.200000 0.214876
1 0.812500 0.962810 0.225000 0.074380
1 0.069444 0.301653 0.133333 0.195592
1 0.166667 0.556474 0.205556 0.220386
1 0.131944 0.922865 0.213889 0.154270
1 0.150000 0.709366 0.205556 0.217631
1 0.544444 0.968320 0.222222 0.063361
1 0.973611 0.621212 0.052778 0.195592
1 0.837500 0.599174 0.208333 0.190083
1 0.445833 0.093664 0.202778 0.181818
1 0.022222 0.126722 0.038889 0.192837
1 0.134722 0.327824 0.208333 0.220386
1 0.063889 0.965565 0.122222 0.068871
2 0.987500 0.491736 0.025000 0.101928
0 0.508333 0.517906 0.472222 0.501377
