0 0.608933 0.311674 0.300361 0.421239
1 0.153762 0.851803 0.163755 0.201782
1 0.309139 0.915228 0.177799 0.166312
1 0.176853 0.409909 0.186766 0.176126
1 0.907415 0.419705 0.183225 0.21269
1 0.441438 0.107108 0.165287 0.200171
1 0.678185 0.92592 0.165153 0.144306
1 0.500839 0.700151 0.194593 0.244075
1 0.746031 0.787 0.189778 0.205485
1 0.762284 0.118455 0.136796 0.133055
1 0.0509661 0.451876 0.101256 0.192276
1 0.587531 0.960096 0.188136 0.0798085
2 0.917289 0.566081 0.0698731 0.0713274
1 0.108519 0.973197 0.154585 0.05296
1 0.668657 0.699667 0.182282 0.197275
1 0.636413 0.0608841 0.180554 0.120352
1 0.323062 0.198089 0.165681 0.175941
1 0.161187 0.565039 0.178075 0.241412
1 0.814182 0.354022 0.14297 0.149499
1 0.231338 0.230386 0.188113 0.207374
1 0.859888 0.233216 0.181002 0.20299
1 0.36205 0.504458 0.185533 0.202434
1 0.0225543 0.733795 0.0425926 0.168127
1 0.0740756 0.266714 0.148137 0.182562
1 0.332232 0.396374 0.170505 0.170189
1 0.937328 0.119475 0.125344 0.188495
