1 0.055556 0.633609 0.105556 0.225895
1 0.672222 0.666667 0.194444 0.203857
1 0.063889 0.141873 0.122222 0.234160
1 0.230556 0.632231 0.205556 0.212121
1 0.959722 0.926997 0.080556 0.146006
1 0.179167 0.304408 0.186111 0.190083
1 0.451389 0.048209 0.252778 0.090909
1 0.872222 0.610193 0.216667 0.234160
1 0.966667 0.483471 0.066667 0.228650
1 0.602778 0.163912 0.233333 0.223140
1 0.798611 0.363636 0.230556 0.253444
1 0.836111 0.112948 0.216667 0.209366
1 0.044444 0.399449 0.083333 0.209366
1 0.434722 0.808540 0.225000 0.234160
1 0.680556 0.874656 0.261111 0.217631
1 0.020833 0.907713 0.036111 0.184573
1 0.123611 0.976584 0.202778 0.046832
0 0.454167 0.472452 0.336111 0.371901
2 0.397222 0.964187 0.127778 0.071625
