1 0.945217 0.416522 0.109565 0.234783
1 0.643478 0.926087 0.219130 0.147826
1 0.880000 0.942609 0.236522 0.114783
1 0.893913 0.114783 0.212174 0.226087
1 0.828696 0.538261 0.200000 0.259130
1 0.899130 0.766957 0.201739 0.222609
1 0.206087 0.836522 0.210435 0.236522
1 0.673913 0.213043 0.252174 0.255652
1 0.425217 0.821739 0.224348 0.255652
1 0.170435 0.605217 0.233043 0.229565
1 0.126957 0.063478 0.250435 0.123478
1 0.106957 0.363478 0.210435 0.243478
1 0.248696 0.351304 0.198261 0.260870
1 0.060870 0.908696 0.118261 0.179130
0 0.502609 0.529565 0.445217 0.436522
