0 0.356971 0.605769 0.367788 0.466346
1 0.705529 0.265625 0.194712 0.228365
1 0.337740 0.162260 0.180288 0.204327
1 0.081731 0.891827 0.158654 0.187500
1 0.195913 0.320913 0.170673 0.223558
1 0.518029 0.881010 0.194712 0.223558
1 0.100962 0.694712 0.173077 0.221154
1 0.072115 0.216346 0.139423 0.225962
1 0.896635 0.103365 0.187500 0.201923
1 0.250000 0.918269 0.197115 0.163462
1 0.687500 0.769231 0.149038 0.211538
1 0.662260 0.504808 0.180288 0.245192
1 0.514423 0.230769 0.177885 0.216346
1 0.772837 0.962740 0.185096 0.074519
1 0.217548 0.052885 0.194712 0.100962
2 0.778846 0.875000 0.081731 0.091346
1 0.443510 0.060096 0.165865 0.115385
1 0.929087 0.376202 0.141827 0.209135
1 0.033654 0.524038 0.062500 0.206731
1 0.975962 0.823317 0.048077 0.199519
1 0.682692 0.037260 0.168269 0.069712
1 0.960337 0.943510 0.079327 0.112981
2 0.804087 0.504808 0.132212 0.149038
1 0.604567 0.709135 0.112981 0.153846
1 0.358173 0.308894 0.149038 0.117788
