0 0.608594 0.308333 0.367188 0.433333
1 0.286719 0.723958 0.167187 0.222917
1 0.182031 0.262500 0.160938 0.204167
1 0.321094 0.940625 0.167187 0.118750
1 0.836719 0.914583 0.179688 0.170833
1 0.074219 0.954167 0.145313 0.091667
1 0.068750 0.193750 0.134375 0.208333
1 0.343750 0.279167 0.168750 0.200000
1 0.351562 0.148958 0.153125 0.197917
1 0.914062 0.706250 0.159375 0.216667
1 0.444531 0.595833 0.170313 0.270833
1 0.487500 0.963542 0.153125 0.072917
1 0.187500 0.488542 0.168750 0.197917
1 0.273438 0.041667 0.156250 0.079167
1 0.671094 0.763542 0.201563 0.239583
1 0.057031 0.425000 0.110937 0.225000
1 0.215625 0.598958 0.184375 0.181250
1 0.946094 0.045833 0.107813 0.087500
1 0.665625 0.963542 0.156250 0.072917
1 0.172656 0.876042 0.185938 0.239583
1 0.799219 0.471875 0.179688 0.277083
1 0.889844 0.237500 0.157812 0.204167
1 0.981250 0.357292 0.037500 0.235417
