1 0.083333 0.611570 0.161111 0.225895
1 0.069444 0.179063 0.133333 0.220386
1 0.105556 0.399449 0.205556 0.198347
1 0.254167 0.699725 0.208333 0.214876
1 0.691667 0.929752 0.205556 0.140496
1 0.833333 0.782369 0.211111 0.214876
1 0.477778 0.157025 0.261111 0.269972
1 0.158333 0.891185 0.222222 0.206612
1 0.030556 0.841598 0.055556 0.250689
1 0.161111 0.042700 0.222222 0.079890
1 0.850000 0.491736 0.244444 0.195592
1 0.802778 0.103306 0.200000 0.201102
1 0.836111 0.041322 0.211111 0.077135
1 0.065278 0.982094 0.125000 0.035813
0 0.501389 0.509642 0.402778 0.402204
