1 0.905217 0.296522 0.189565 0.252174
1 0.830435 0.093913 0.231304 0.184348
1 0.440870 0.887826 0.241739 0.220870
1 0.894783 0.600870 0.210435 0.238261
1 0.212174 0.525217 0.229565 0.260870
1 0.120000 0.807826 0.233043 0.286957
1 0.058261 0.706087 0.113043 0.219130
1 0.050435 0.495652 0.097391 0.253913
1 0.292174 0.262609 0.246957 0.274783
1 0.489565 0.073043 0.245217 0.142609
1 0.075652 0.071304 0.147826 0.139130
0 0.560000 0.521739 0.490435 0.476522
1 0.643478 0.864348 0.253913 0.233043
1 0.596522 0.115652 0.260870 0.227826
1 0.202609 0.146087 0.227826 0.187826
