1 0.062842 0.720867 0.120219 0.254743
1 0.930328 0.475610 0.139344 0.235772
1 0.262295 0.672087 0.245902 0.227642
1 0.087432 0.485095 0.169399 0.216802
1 0.207650 0.313008 0.185792 0.214092
1 0.381148 0.884824 0.237705 0.230352
1 0.894809 0.104336 0.210383 0.203252
1 0.209016 0.109756 0.199454 0.197832
1 0.715847 0.704607 0.213115 0.216802
1 0.941257 0.680217 0.117486 0.200542
1 0.445355 0.054201 0.213115 0.102981
0 0.504098 0.494580 0.374317 0.387534
1 0.176230 0.955285 0.286885 0.089431
1 0.142077 0.863144 0.278689 0.273713
1 0.098361 0.033875 0.191257 0.062331
