0 0.671875 0.725962 0.372596 0.432692
1 0.467548 0.915865 0.180288 0.168269
1 0.075721 0.478365 0.146635 0.216346
1 0.187500 0.814904 0.173077 0.197115
1 0.544471 0.408654 0.175481 0.216346
0 0.396635 0.643029 0.288462 0.338942
1 0.798077 0.956731 0.168269 0.086538
1 0.840144 0.091346 0.175481 0.177885
1 0.914663 0.697115 0.170673 0.221154
1 0.042067 0.936298 0.079327 0.127404
1 0.098558 0.788462 0.182692 0.206731
1 0.705529 0.307692 0.170673 0.192308
1 0.603365 0.052885 0.206731 0.100962
1 0.409856 0.080529 0.185096 0.156250
1 0.835337 0.459135 0.204327 0.221154
1 0.971154 0.063702 0.057692 0.122596
1 0.361779 0.275240 0.194712 0.209135
1 0.158654 0.298077 0.197115 0.250000
1 0.257212 0.951923 0.225962 0.096154
1 0.682692 0.188702 0.139423 0.180288
1 0.323317 0.353365 0.161058 0.225962
1 0.614183 0.963942 0.165865 0.072115
1 0.028846 0.265625 0.052885 0.218750
2 0.018029 0.120192 0.031250 0.086538
