1 0.422222 0.117080 0.216667 0.228650
1 0.740278 0.728650 0.225000 0.234160
1 0.944444 0.431129 0.111111 0.201102
1 0.144444 0.495868 0.200000 0.192837
1 0.886111 0.608815 0.222222 0.209366
1 0.902778 0.961433 0.194444 0.077135
1 0.076389 0.922865 0.147222 0.154270
1 0.877778 0.232782 0.227778 0.256198
1 0.108333 0.380165 0.166667 0.170799
1 0.884722 0.101928 0.230556 0.192837
1 0.658333 0.268595 0.211111 0.261708
1 0.155556 0.699725 0.200000 0.198347
1 0.977778 0.703857 0.044444 0.173554
1 0.304167 0.931129 0.291667 0.137741
1 0.286111 0.688705 0.205556 0.220386
1 0.643056 0.146006 0.208333 0.159780
0 0.509722 0.501377 0.369444 0.363636
