0 0.689844 0.255208 0.385937 0.506250
1 0.355469 0.910417 0.198437 0.179167
1 0.528906 0.904167 0.176563 0.191667
1 0.481250 0.440625 0.175000 0.227083
1 0.162500 0.953125 0.146875 0.093750
1 0.033594 0.266667 0.064062 0.195833
1 0.771875 0.720833 0.153125 0.200000
1 0.167969 0.548958 0.185938 0.227083
1 0.268750 0.041667 0.171875 0.079167
1 0.715625 0.917708 0.203125 0.164583
1 0.049219 0.856250 0.095312 0.258333
1 0.928125 0.028125 0.143750 0.052083
1 0.495312 0.138542 0.150000 0.227083
1 0.340625 0.242708 0.159375 0.260417
1 0.289062 0.690625 0.209375 0.218750
1 0.039844 0.623958 0.076563 0.193750
1 0.503906 0.682292 0.167187 0.222917
1 0.099219 0.097917 0.151562 0.191667
1 0.862500 0.627083 0.140625 0.225000
1 0.642188 0.607292 0.128125 0.177083
