1 0.776389 0.180441 0.213889 0.223140
1 0.200000 0.217631 0.211111 0.198347
1 0.948611 0.154270 0.102778 0.225895
1 0.418056 0.203857 0.202778 0.220386
1 0.275000 0.524793 0.166667 0.212121
1 0.851389 0.750689 0.219444 0.234160
1 0.100000 0.590909 0.194444 0.212121
1 0.843056 0.497245 0.230556 0.223140
1 0.618056 0.816804 0.225000 0.212121
1 0.095833 0.027548 0.186111 0.049587
1 0.297222 0.924242 0.194444 0.151515
1 0.687500 0.287879 0.225000 0.228650
1 0.212500 0.831956 0.241667 0.214876
1 0.658333 0.966942 0.211111 0.066116
1 0.406944 0.028926 0.236111 0.052342
1 0.963889 0.880165 0.072222 0.239669
1 0.038889 0.269972 0.072222 0.236915
1 0.054167 0.169421 0.102778 0.179063
1 0.166667 0.523416 0.166667 0.192837
0 0.497222 0.500000 0.288889 0.432507
