1 0.688696 0.692174 0.219130 0.205217
1 0.941739 0.119130 0.116522 0.234783
1 0.954783 0.808696 0.090435 0.250435
1 0.111304 0.083478 0.219130 0.163478
1 0.850435 0.556522 0.240000 0.233043
1 0.916522 0.350435 0.166957 0.220870
1 0.719130 0.278261 0.241739 0.264348
1 0.790435 0.866087 0.224348 0.219130
1 0.543478 0.914783 0.220870 0.170435
1 0.222609 0.438261 0.212174 0.236522
1 0.317391 0.941739 0.248696 0.116522
1 0.474783 0.189565 0.208696 0.236522
1 0.529565 0.039130 0.224348 0.074783
1 0.092174 0.942609 0.180870 0.114783
0 0.500000 0.486957 0.304348 0.372174
1 0.059130 0.350435 0.114783 0.241739
1 0.238261 0.667826 0.222609 0.240000
1 0.060000 0.710435 0.116522 0.227826
1 0.146087 0.778261 0.246957 0.220870
1 0.059130 0.350435 0.114783 0.241739
