1 0.830556 0.311295 0.255556 0.231405
1 0.051389 0.095041 0.097222 0.184573
1 0.201389 0.889807 0.241667 0.220386
1 0.212500 0.203857 0.208333 0.225895
1 0.087500 0.477961 0.169444 0.195592
1 0.323611 0.049587 0.230556 0.093664
1 0.630556 0.822314 0.272222 0.239669
1 0.736111 0.048209 0.255556 0.090909
1 0.819444 0.955923 0.233333 0.088154
1 0.884722 0.803030 0.230556 0.228650
1 0.916667 0.665289 0.166667 0.195592
1 0.875000 0.444904 0.244444 0.223140
1 0.181944 0.654270 0.247222 0.223140
1 0.540278 0.148760 0.241667 0.242424
1 0.041667 0.938017 0.077778 0.123967
1 0.023611 0.742424 0.041667 0.239669
0 0.502778 0.504132 0.327778 0.352617
