1 0.940870 0.093913 0.118261 0.184348
1 0.862609 0.861739 0.208696 0.231304
1 0.129565 0.813913 0.200000 0.198261
1 0.353913 0.840000 0.238261 0.233043
1 0.752174 0.104348 0.238261 0.205217
1 0.941739 0.288696 0.116522 0.240000
1 0.153043 0.444348 0.194783 0.234783
1 0.508696 0.945217 0.200000 0.109565
1 0.673913 0.890435 0.182609 0.219130
1 0.823478 0.480870 0.213913 0.248696
1 0.776522 0.313043 0.210435 0.229565
1 0.431304 0.071304 0.257391 0.139130
0 0.468696 0.451304 0.481739 0.600000
1 0.247826 0.137391 0.217391 0.226087
1 0.926087 0.492174 0.144348 0.240000
