1 0.100000 0.096419 0.194444 0.187328
1 0.870833 0.074380 0.213889 0.143251
1 0.455556 0.122590 0.194444 0.217631
1 0.901389 0.829201 0.197222 0.203857
1 0.919444 0.559229 0.161111 0.220386
1 0.050000 0.471074 0.094444 0.203857
1 0.062500 0.705234 0.119444 0.242424
1 0.209722 0.611570 0.197222 0.225895
1 0.305556 0.893939 0.222222 0.212121
1 0.550000 0.889807 0.238889 0.220386
1 0.709722 0.732782 0.208333 0.225895
1 0.750000 0.365014 0.205556 0.261708
1 0.662500 0.137741 0.202778 0.236915
1 0.879167 0.318182 0.180556 0.195592
1 0.138889 0.960055 0.211111 0.079890
1 0.915278 0.972452 0.169444 0.055096
1 0.405556 0.736915 0.255556 0.173554
1 0.969444 0.168044 0.061111 0.225895
2 0.687500 0.960055 0.052778 0.074380
2 0.356944 0.214876 0.086111 0.071625
0 0.497222 0.493113 0.394444 0.396694
2 0.251389 0.026171 0.069444 0.046832
