1 0.115278 0.338843 0.225000 0.242424
1 0.815278 0.511019 0.191667 0.228650
1 0.923611 0.783747 0.152778 0.245179
1 0.427778 0.148760 0.216667 0.209366
1 0.895833 0.108815 0.208333 0.212121
1 0.193056 0.122590 0.236111 0.223140
1 0.647222 0.183196 0.211111 0.217631
1 0.225000 0.611570 0.188889 0.220386
1 0.922222 0.398072 0.155556 0.184573
1 0.254167 0.951791 0.213889 0.096419
1 0.956944 0.548209 0.086111 0.214876
1 0.068056 0.946281 0.130556 0.107438
1 0.244444 0.778237 0.227778 0.245179
1 0.754167 0.673554 0.225000 0.228650
1 0.687500 0.913223 0.225000 0.173554
1 0.033333 0.808540 0.061111 0.195592
2 0.395833 0.727273 0.102778 0.104683
1 0.613889 0.976584 0.233333 0.046832
2 0.845833 0.267218 0.080556 0.077135
1 0.979167 0.943526 0.041667 0.112948
0 0.506944 0.505510 0.413889 0.438017
