0 0.549219 0.193750 0.389062 0.370833
1 0.264062 0.798958 0.168750 0.189583
1 0.479687 0.895833 0.137500 0.187500
1 0.092188 0.739583 0.150000 0.187500
1 0.690625 0.925000 0.162500 0.150000
1 0.219531 0.452083 0.160938 0.204167
2 0.368750 0.197917 0.071875 0.100000
1 0.102344 0.289583 0.176563 0.208333
1 0.775000 0.438542 0.162500 0.231250
1 0.790625 0.046875 0.146875 0.089583
1 0.925000 0.809375 0.146875 0.235417
1 0.895312 0.255208 0.143750 0.214583
2 0.839844 0.119792 0.067187 0.089583
1 0.142969 0.097917 0.170313 0.187500
1 0.938281 0.083333 0.123438 0.162500
1 0.035156 0.150000 0.067187 0.179167
1 0.174219 0.946875 0.167187 0.106250
1 0.354687 0.939583 0.168750 0.120833
1 0.524219 0.504167 0.164062 0.170833
1 0.336719 0.057292 0.157812 0.110417
1 0.625000 0.515625 0.156250 0.202083
1 0.786719 0.957292 0.145313 0.085417
1 0.974219 0.555208 0.051562 0.227083
1 0.868750 0.470833 0.156250 0.212500
1 0.382812 0.543750 0.159375 0.175000
1 0.971094 0.332292 0.057813 0.206250
1 0.139063 0.643750 0.181250 0.220833
1 0.080469 0.487500 0.145313 0.195833
