1 0.113043 0.883478 0.222609 0.229565
1 0.925217 0.147826 0.149565 0.246957
1 0.660000 0.800000 0.245217 0.257391
1 0.932174 0.406957 0.135652 0.264348
1 0.864348 0.724348 0.229565 0.220870
1 0.825217 0.503478 0.210435 0.224348
1 0.204348 0.680870 0.234783 0.231304
1 0.552174 0.086087 0.220870 0.168696
1 0.228696 0.443478 0.213913 0.253913
1 0.073913 0.487826 0.144348 0.238261
1 0.775652 0.063478 0.219130 0.123478
1 0.390435 0.890435 0.234783 0.219130
0 0.513913 0.493913 0.415652 0.410435
1 0.117391 0.039130 0.193043 0.074783
