1 0.225000 0.382292 0.168750 0.214583
1 0.411719 0.682292 0.157812 0.206250
1 0.457031 0.431250 0.151562 0.208333
1 0.883594 0.311458 0.176563 0.206250
1 0.263281 0.615625 0.160938 0.202083
0 0.192969 0.850000 0.301563 0.295833
1 0.955469 0.515625 0.089063 0.206250
1 0.546875 0.959375 0.143750 0.081250
1 0.829688 0.919792 0.153125 0.160417
1 0.800781 0.717708 0.176563 0.210417
1 0.716406 0.320833 0.192188 0.212500
1 0.056250 0.120833 0.109375 0.237500
1 0.306250 0.112500 0.165625 0.204167
1 0.054688 0.402083 0.106250 0.204167
1 0.681250 0.621875 0.165625 0.206250
1 0.701562 0.964583 0.162500 0.070833
1 0.406250 0.952083 0.125000 0.095833
1 0.040625 0.603125 0.078125 0.164583
1 0.935937 0.771875 0.128125 0.210417
1 0.944531 0.178125 0.110937 0.189583
1 0.528906 0.028125 0.164062 0.052083
1 0.876563 0.035417 0.171875 0.066667
1 0.101562 0.201042 0.159375 0.202083
1 0.047656 0.797917 0.092188 0.250000
1 0.181250 0.148958 0.159375 0.235417
1 0.630469 0.450000 0.164062 0.175000
1 0.629687 0.379167 0.231250 0.166667
