1 0.906944 0.731405 0.186111 0.223140
1 0.208333 0.586777 0.188889 0.220386
1 0.883333 0.380165 0.233333 0.247934
1 0.608333 0.103306 0.255556 0.201102
1 0.937500 0.537190 0.125000 0.209366
1 0.898611 0.917355 0.202778 0.165289
1 0.613889 0.924242 0.277778 0.151515
1 0.043056 0.371901 0.080556 0.242424
1 0.083333 0.078512 0.161111 0.151515
1 0.312500 0.904959 0.291667 0.184573
1 0.473611 0.298898 0.263889 0.217631
1 0.256944 0.816804 0.258333 0.190083
1 0.909722 0.137741 0.180556 0.214876
1 0.055556 0.763085 0.105556 0.236915
1 0.206944 0.265840 0.230556 0.261708
1 0.902778 0.050964 0.194444 0.096419
0 0.512500 0.502755 0.369444 0.305785
1 0.347222 0.329201 0.150000 0.206612
1 0.134722 0.209366 0.208333 0.220386
1 0.058333 0.651515 0.111111 0.173554
