0 0.415865 0.813702 0.427885 0.372596
1 0.445913 0.260817 0.194712 0.242788
1 0.687500 0.524038 0.216346 0.211538
1 0.159856 0.895433 0.165865 0.194712
1 0.836538 0.239183 0.235577 0.223558
1 0.167067 0.356971 0.218750 0.247596
1 0.092548 0.625000 0.180288 0.201923
1 0.669471 0.106971 0.194712 0.199519
1 0.687500 0.805288 0.192308 0.206731
1 0.242788 0.146635 0.192308 0.225962
1 0.586538 0.278846 0.139423 0.177885
1 0.882212 0.766827 0.158654 0.254808
1 0.969952 0.891827 0.060096 0.216346
1 0.530048 0.513221 0.165865 0.209135
1 0.956731 0.469952 0.086538 0.223558
1 0.241587 0.610577 0.228365 0.216346
1 0.793269 0.502404 0.182692 0.177885
1 0.070913 0.181490 0.137019 0.209135
1 0.676683 0.939904 0.161058 0.120192
1 0.723558 0.298077 0.120192 0.168269
1 0.421875 0.536058 0.117788 0.144231
1 0.045673 0.831731 0.086538 0.230769
1 0.924279 0.590144 0.112981 0.165865
1 0.789663 0.973558 0.117788 0.052885
