1 0.860156 0.428125 0.173437 0.227083
1 0.591406 0.080208 0.179688 0.156250
1 0.391406 0.341667 0.154688 0.204167
0 0.325000 0.680208 0.243750 0.356250
1 0.528125 0.757292 0.175000 0.235417
1 0.160156 0.838542 0.157812 0.210417
1 0.123438 0.120833 0.150000 0.204167
1 0.671875 0.490625 0.193750 0.189583
1 0.044531 0.836458 0.085938 0.243750
1 0.732031 0.932292 0.154688 0.135417
1 0.575000 0.934375 0.143750 0.131250
1 0.435156 0.110417 0.157812 0.212500
1 0.841406 0.113542 0.154688 0.206250
1 0.751563 0.067708 0.143750 0.131250
1 0.274219 0.105208 0.151562 0.206250
1 0.964844 0.513542 0.070312 0.222917
1 0.675781 0.286458 0.217188 0.206250
1 0.852344 0.720833 0.170313 0.212500
1 0.030469 0.084375 0.057813 0.164583
1 0.958594 0.120833 0.082812 0.175000
1 0.789844 0.829167 0.167187 0.208333
1 0.226562 0.959375 0.165625 0.081250
1 0.968750 0.773958 0.062500 0.214583
1 0.228906 0.300000 0.167187 0.191667
1 0.961719 0.894792 0.076563 0.206250
1 0.101562 0.526042 0.196875 0.235417
1 0.471875 0.220833 0.150000 0.195833
1 0.220312 0.384375 0.187500 0.160417
