1 0.238863 0.189095 0.177083 0.179903
0 0.458102 0.137966 0.342722 0.275932
1 0.0753128 0.142099 0.147605 0.200176
1 0.344832 0.94847 0.160104 0.103061
1 0.223467 0.432511 0.170636 0.22101
1 0.818389 0.119525 0.176166 0.1891
1 0.585223 0.568611 0.194029 0.188196
1 0.439105 0.816274 0.152175 0.198324
1 0.822416 0.271697 0.164066 0.177724
1 0.813557 0.465413 0.175637 0.159624
1 0.20341 0.893297 0.169469 0.201486
1 0.731371 0.874642 0.135847 0.18522
1 0.0343086 0.49221 0.066539 0.203273
1 0.562186 0.375872 0.164524 0.205847
1 0.657235 0.207404 0.161001 0.247419
1 0.0387195 0.945037 0.0726024 0.109927
1 0.951399 0.574826 0.097202 0.216227
1 0.35451 0.597045 0.158149 0.213391
1 0.699337 0.0360918 0.165053 0.0695659
1 0.468634 0.359906 0.155193 0.196504
1 0.83057 0.600626 0.160215 0.167664
1 0.0888088 0.684665 0.177618 0.201019
1 0.604778 0.744508 0.18286 0.169355
1 0.248893 0.648686 0.186659 0.204897
1 0.884308 0.767889 0.164073 0.159074
1 0.978642 0.929426 0.0425494 0.141147
1 0.884399 0.870446 0.160031 0.155373
1 0.974934 0.269183 0.0492373 0.154297
