1 0.751389 0.349862 0.202778 0.209366
1 0.194444 0.628099 0.177778 0.187328
1 0.700000 0.071625 0.244444 0.137741
1 0.951389 0.789256 0.097222 0.239669
1 0.929167 0.315427 0.141667 0.212121
1 0.291667 0.063361 0.250000 0.121212
1 0.959722 0.103306 0.080556 0.201102
1 0.891667 0.523416 0.216667 0.220386
1 0.058333 0.577135 0.111111 0.190083
1 0.795833 0.771350 0.219444 0.253444
1 0.706944 0.247934 0.208333 0.181818
1 0.608333 0.902204 0.172222 0.179063
1 0.498611 0.125344 0.219444 0.173554
1 0.080556 0.037190 0.155556 0.068871
1 0.270833 0.932507 0.191667 0.134986
1 0.479167 0.953168 0.191667 0.093664
2 0.077778 0.961433 0.116667 0.077135
1 0.119444 0.849862 0.183333 0.212121
1 0.059722 0.460055 0.113889 0.143251
1 0.208333 0.363636 0.200000 0.203857
1 0.018056 0.800275 0.030556 0.212121
1 0.695833 0.906336 0.158333 0.181818
1 0.308333 0.870523 0.200000 0.159780
1 0.229167 0.257576 0.202778 0.168044
2 0.286111 0.435262 0.061111 0.077135
0 0.511111 0.500000 0.450000 0.625344
