1 0.718056 0.119835 0.191667 0.190083
1 0.066667 0.618457 0.127778 0.195592
1 0.034722 0.090909 0.063889 0.176309
1 0.100000 0.898072 0.194444 0.203857
1 0.868056 0.298898 0.163889 0.173554
1 0.036111 0.356749 0.066667 0.217631
1 0.956944 0.865014 0.086111 0.236915
1 0.804167 0.887052 0.202778 0.225895
1 0.834722 0.100551 0.186111 0.195592
1 0.220833 0.683196 0.197222 0.253444
1 0.809722 0.501377 0.175000 0.247934
1 0.206944 0.315427 0.219444 0.217631
1 0.973611 0.362259 0.052778 0.201102
1 0.443056 0.805785 0.247222 0.228650
1 0.956944 0.056474 0.086111 0.107438
1 0.722222 0.707989 0.222222 0.192837
1 0.198611 0.097796 0.230556 0.190083
1 0.548611 0.034435 0.247222 0.063361
2 0.915278 0.440771 0.080556 0.104683
0 0.508333 0.506887 0.438889 0.418733
