0 0.453906 0.465625 0.342187 0.439583
1 0.490625 0.135417 0.184375 0.208333
1 0.722656 0.185417 0.160938 0.191667
1 0.053125 0.827083 0.103125 0.225000
2 0.782031 0.476042 0.067187 0.089583
1 0.609375 0.943750 0.140625 0.112500
1 0.814063 0.786458 0.165625 0.193750
1 0.256250 0.114583 0.156250 0.175000
1 0.869531 0.210417 0.176563 0.204167
1 0.852344 0.935417 0.167187 0.129167
1 0.676562 0.606250 0.171875 0.220833
1 0.946875 0.844792 0.106250 0.177083
1 0.099219 0.104167 0.167187 0.200000
1 0.571875 0.036458 0.143750 0.068750
1 0.507812 0.858333 0.156250 0.208333
1 0.058594 0.350000 0.114062 0.241667
1 0.270313 0.912500 0.196875 0.170833
1 0.145313 0.305208 0.150000 0.218750
1 0.330469 0.740625 0.170313 0.210417
1 0.420312 0.964583 0.140625 0.070833
1 0.887500 0.036458 0.162500 0.068750
1 0.711719 0.039583 0.123438 0.075000
1 0.889844 0.441667 0.170313 0.279167
1 0.581250 0.798958 0.159375 0.197917
1 0.321094 0.294792 0.176563 0.202083
1 0.225000 0.545833 0.171875 0.191667
