1 0.851304 0.570435 0.224348 0.229565
1 0.281739 0.091304 0.233043 0.179130
1 0.085217 0.149565 0.166957 0.260870
1 0.115652 0.910435 0.210435 0.179130
1 0.184348 0.301739 0.243478 0.266087
1 0.767826 0.795652 0.259130 0.262609
1 0.112174 0.536522 0.220870 0.259130
1 0.351304 0.900870 0.264348 0.194783
1 0.920000 0.378261 0.156522 0.186087
1 0.773043 0.265217 0.248696 0.245217
1 0.507826 0.053913 0.250435 0.104348
1 0.941739 0.185217 0.116522 0.196522
1 0.615652 0.966957 0.267826 0.066087
0 0.773913 0.266087 0.246957 0.246957
0 0.460000 0.525217 0.620870 0.667826
1 0.966957 0.431304 0.066087 0.191304
1 0.962609 0.758261 0.074783 0.191304
