1 0.173913 0.138261 0.212174 0.224348
1 0.897391 0.823478 0.205217 0.252174
1 0.713043 0.100870 0.222609 0.198261
1 0.316522 0.271304 0.229565 0.201739
1 0.911304 0.216522 0.177391 0.210435
1 0.611304 0.955652 0.252174 0.088696
1 0.320870 0.653043 0.241739 0.234783
1 0.261739 0.916522 0.245217 0.163478
1 0.725217 0.310435 0.212174 0.227826
1 0.103478 0.381739 0.203478 0.234783
1 0.162609 0.833043 0.252174 0.250435
1 0.843478 0.575652 0.215652 0.219130
0 0.506087 0.486957 0.313043 0.354783
1 0.805217 0.441739 0.215652 0.208696
1 0.697391 0.754783 0.194783 0.208696
1 0.955652 0.060000 0.088696 0.116522
1 0.138261 0.542609 0.217391 0.257391
1 0.227826 0.436522 0.215652 0.205217
1 0.543478 0.760870 0.203478 0.175652
