1 0.776389 0.356749 0.191667 0.223140
1 0.213889 0.747934 0.194444 0.228650
1 0.413889 0.780992 0.200000 0.206612
1 0.940278 0.745179 0.119444 0.206612
1 0.776389 0.876033 0.230556 0.220386
1 0.200000 0.936639 0.216667 0.126722
1 0.050000 0.926997 0.094444 0.146006
1 0.122222 0.173554 0.238889 0.220386
1 0.579167 0.114325 0.230556 0.223140
1 0.062500 0.690083 0.119444 0.206612
1 0.948611 0.931129 0.102778 0.137741
1 0.805556 0.117080 0.216667 0.228650
1 0.427778 0.943526 0.211111 0.112948
1 0.937500 0.311295 0.119444 0.269972
1 0.794444 0.573003 0.244444 0.242424
1 0.652778 0.747934 0.238889 0.228650
1 0.129167 0.035813 0.252778 0.066116
2 0.284722 0.238292 0.086111 0.085399
1 0.181944 0.287879 0.208333 0.261708
0 0.504167 0.502755 0.308333 0.449036
