1 0.625217 0.919130 0.259130 0.161739
1 0.610435 0.156522 0.240000 0.236522
1 0.878261 0.643478 0.243478 0.246957
1 0.165217 0.168696 0.240000 0.285217
1 0.204348 0.417391 0.300870 0.264348
1 0.882609 0.889565 0.220870 0.217391
1 0.893043 0.389565 0.213913 0.236522
1 0.615652 0.730435 0.274783 0.205217
1 0.305217 0.954783 0.283478 0.090435
1 0.394783 0.128696 0.212174 0.253913
1 0.126957 0.757391 0.205217 0.259130
1 0.089565 0.916522 0.175652 0.163478
0 0.524348 0.485217 0.332174 0.396522
1 0.313043 0.720870 0.194783 0.339130
