1 0.925481 0.699519 0.149038 0.197115
0 0.295673 0.817308 0.451923 0.346154
1 0.871394 0.914663 0.218750 0.170673
1 0.254808 0.495192 0.206731 0.192308
1 0.891827 0.287260 0.211538 0.180288
1 0.272837 0.301683 0.242788 0.170673
1 0.411058 0.460337 0.211538 0.185096
1 0.501202 0.183894 0.237981 0.180288
1 0.074519 0.424279 0.144231 0.189904
1 0.687500 0.082933 0.216346 0.161058
1 0.354567 0.055288 0.218750 0.105769
1 0.895433 0.039663 0.209135 0.074519
1 0.075721 0.931490 0.146635 0.137019
1 0.875000 0.393029 0.235577 0.199519
1 0.641827 0.741587 0.211538 0.189904
1 0.149038 0.585337 0.168269 0.165865
1 0.038462 0.675481 0.072115 0.168269
1 0.548077 0.300481 0.269231 0.168269
1 0.754808 0.974760 0.206731 0.050481
1 0.502404 0.966346 0.225962 0.067308
1 0.729567 0.700721 0.199519 0.175481
1 0.259615 0.985577 0.235577 0.028846
1 0.057692 0.163462 0.110577 0.153846
