0 0.402344 0.452083 0.414062 0.429167
1 0.428125 0.818750 0.168750 0.216667
1 0.600781 0.869792 0.151562 0.189583
1 0.914844 0.651042 0.170313 0.218750
1 0.850781 0.094792 0.145313 0.185417
1 0.052344 0.811458 0.101562 0.214583
1 0.626563 0.323958 0.150000 0.218750
1 0.704688 0.145833 0.168750 0.212500
1 0.786719 0.865625 0.170313 0.206250
1 0.119531 0.060417 0.145313 0.116667
1 0.103906 0.250000 0.201563 0.250000
1 0.442188 0.097917 0.153125 0.191667
1 0.930469 0.830208 0.139063 0.197917
1 0.790625 0.483333 0.165625 0.225000
1 0.075000 0.388542 0.146875 0.210417
1 0.928906 0.961458 0.142187 0.077083
1 0.721094 0.962500 0.154688 0.075000
1 0.592187 0.060417 0.159375 0.116667
1 0.148438 0.623958 0.187500 0.272917
1 0.643750 0.615625 0.181250 0.189583
1 0.838281 0.247917 0.185938 0.216667
1 0.498437 0.178125 0.162500 0.172917
1 0.975781 0.304167 0.048438 0.233333
0 0.196094 0.942708 0.370312 0.114583
1 0.694531 0.497917 0.164062 0.220833
1 0.407031 0.964583 0.167187 0.070833
1 0.328906 0.147917 0.164062 0.200000
1 0.282031 0.060417 0.139063 0.116667
