1 0.850000 0.286501 0.200000 0.209366
1 0.075000 0.195592 0.144444 0.209366
1 0.090278 0.869146 0.175000 0.234160
1 0.834722 0.608815 0.202778 0.231405
1 0.133333 0.039945 0.244444 0.074380
1 0.431944 0.852617 0.236111 0.234160
1 0.187500 0.637741 0.247222 0.239669
1 0.898611 0.067493 0.202778 0.129477
1 0.476389 0.060606 0.219444 0.115702
1 0.725000 0.758953 0.244444 0.261708
1 0.027778 0.618457 0.050000 0.234160
1 0.151389 0.938017 0.241667 0.123967
1 0.747222 0.964187 0.227778 0.071625
1 0.027778 0.387052 0.050000 0.206612
1 0.211111 0.381543 0.200000 0.234160
2 0.902778 0.889807 0.188889 0.187328
2 0.970833 0.209366 0.058333 0.066116
1 0.176389 0.268595 0.230556 0.212121
1 0.693056 0.190083 0.241667 0.187328
0 0.506944 0.505510 0.391667 0.449036
1 0.665278 0.092287 0.186111 0.134986
