1 0.945833 0.409091 0.108333 0.228650
1 0.172222 0.651515 0.188889 0.223140
1 0.884722 0.093664 0.230556 0.181818
1 0.741667 0.696970 0.211111 0.192837
1 0.125000 0.064738 0.222222 0.123967
1 0.873611 0.588154 0.241667 0.245179
1 0.515278 0.826446 0.263889 0.247934
1 0.166667 0.486226 0.227778 0.217631
1 0.034722 0.143251 0.063889 0.220386
1 0.618056 0.973829 0.247222 0.052342
1 0.152778 0.972452 0.272222 0.055096
1 0.075000 0.826446 0.144444 0.292011
1 0.075000 0.885675 0.144444 0.173554
0 0.504167 0.501377 0.369444 0.363636
1 0.061111 0.760331 0.116667 0.159780
