1 0.072714 0.766035 0.142965 0.251781
1 0.247148 0.735677 0.215939 0.268422
1 0.825021 0.87088 0.303059 0.245239
1 0.36966 0.915766 0.255882 0.167764
1 0.140214 0.279882 0.273914 0.258712
1 0.872063 0.0563326 0.223458 0.111344
1 0.768097 0.101339 0.202799 0.202677
1 0.0502406 0.114649 0.0992543 0.229298
1 0.128769 0.946096 0.255838 0.107808
1 0.812642 0.62611 0.243779 0.272885
1 0.66746 0.176422 0.26513 0.251523
1 0.951828 0.954715 0.0963435 0.0903263
1 0.966441 0.465287 0.067118 0.353384
1 0.829934 0.510629 0.213059 0.176788
0 0.503711 0.516296 0.353167 0.377922
