0 0.615385 0.650240 0.375000 0.425481
1 0.271635 0.276442 0.177885 0.211538
1 0.127404 0.885817 0.197115 0.223558
1 0.378606 0.816106 0.170673 0.189904
1 0.943510 0.286058 0.112981 0.206731
1 0.644231 0.325721 0.254808 0.223558
1 0.961538 0.078125 0.076923 0.151442
1 0.456731 0.072115 0.173077 0.139423
1 0.193510 0.096154 0.204327 0.187500
1 0.920673 0.752404 0.158654 0.211538
1 0.104567 0.284856 0.189904 0.175481
1 0.840144 0.908654 0.204327 0.177885
1 0.359375 0.670673 0.180288 0.221154
1 0.390625 0.972356 0.194712 0.055288
1 0.225962 0.502404 0.225962 0.264423
1 0.669471 0.098558 0.209135 0.192308
1 0.811298 0.186298 0.127404 0.257212
