0 0.646875 0.244792 0.337500 0.435417
1 0.504687 0.504167 0.153125 0.200000
1 0.890625 0.329167 0.156250 0.204167
1 0.505469 0.826042 0.157812 0.214583
1 0.138281 0.080208 0.160938 0.156250
1 0.797656 0.523958 0.182812 0.222917
1 0.329688 0.541667 0.162500 0.204167
1 0.628125 0.600000 0.162500 0.208333
1 0.080469 0.950000 0.154688 0.100000
1 0.238281 0.702083 0.173437 0.216667
1 0.378906 0.106250 0.179688 0.208333
1 0.378125 0.328125 0.168750 0.197917
1 0.118750 0.504167 0.159375 0.191667
1 0.850000 0.747917 0.143750 0.216667
1 0.951562 0.501042 0.096875 0.193750
1 0.764844 0.931250 0.154688 0.137500
1 0.332031 0.872917 0.185938 0.200000
1 0.951562 0.791667 0.096875 0.225000
1 0.084375 0.766667 0.165625 0.233333
1 0.647656 0.820833 0.164062 0.204167
2 0.235156 0.035417 0.057813 0.066667
1 0.034375 0.277083 0.065625 0.220833
1 0.423438 0.978125 0.171875 0.043750
1 0.034375 0.097917 0.065625 0.191667
1 0.312500 0.172917 0.184375 0.187500
2 0.960156 0.620833 0.054688 0.066667
1 0.213281 0.462500 0.132812 0.179167
