1 0.840278 0.545455 0.197222 0.176309
1 0.745833 0.706612 0.208333 0.201102
1 0.906944 0.816804 0.186111 0.206612
1 0.054167 0.819559 0.102778 0.201102
1 0.115278 0.457300 0.191667 0.214876
1 0.705556 0.282369 0.200000 0.201102
1 0.905556 0.348485 0.188889 0.223140
1 0.454167 0.877410 0.191667 0.184573
1 0.270833 0.290634 0.191667 0.190083
1 0.673611 0.910468 0.202778 0.179063
1 0.200000 0.685950 0.222222 0.220386
1 0.131944 0.961433 0.175000 0.077135
1 0.809722 0.039945 0.191667 0.074380
1 0.979167 0.519284 0.041667 0.190083
1 0.461111 0.023416 0.238889 0.041322
1 0.023611 0.092287 0.041667 0.179063
1 0.870833 0.972452 0.219444 0.055096
1 0.106944 0.012397 0.208333 0.019284
0 0.494444 0.494490 0.477778 0.476584
1 0.955556 0.013774 0.088889 0.022039
