1 0.093043 0.396522 0.182609 0.243478
1 0.059130 0.651304 0.114783 0.266087
1 0.548696 0.098261 0.234783 0.193043
1 0.889565 0.633913 0.220870 0.280000
1 0.113913 0.171304 0.220870 0.227826
1 0.959130 0.417391 0.081739 0.274783
1 0.235652 0.624348 0.227826 0.240000
1 0.284348 0.229565 0.241739 0.250435
1 0.317391 0.056522 0.234783 0.109565
1 0.295652 0.875652 0.292174 0.245217
1 0.648696 0.784348 0.253913 0.246957
1 0.600000 0.920870 0.246957 0.151304
1 0.841739 0.935652 0.309565 0.125217
1 0.973913 0.180870 0.052174 0.226087
0 0.500000 0.457391 0.394783 0.413913
1 0.833043 0.046957 0.201739 0.090435
1 0.749565 0.192174 0.233043 0.213913
1 0.880000 0.137391 0.118261 0.215652
1 0.772174 0.334783 0.229565 0.196522
