0 0.635357 0.292868 0.363187 0.447695
1 0.383228 0.46292 0.157654 0.241878
1 0.205096 0.137239 0.161169 0.211636
1 0.0565665 0.725969 0.112222 0.229325
1 0.621792 0.834329 0.147684 0.195368
1 0.208914 0.415093 0.199366 0.226592
1 0.919014 0.690581 0.160689 0.212541
1 0.143784 0.62742 0.176303 0.193647
1 0.233122 0.870051 0.182141 0.238901
1 0.404118 0.0368831 0.148018 0.0733129
1 0.930914 0.930053 0.135186 0.139893
1 0.416833 0.843211 0.156406 0.173385
1 0.937095 0.413893 0.125811 0.220527
1 0.760894 0.0350736 0.153359 0.0701472
1 0.0516112 0.307723 0.103222 0.212435
2 0.775106 0.883024 0.0592258 0.0746218
1 0.698737 0.603852 0.16375 0.217746
1 0.719994 0.949213 0.176312 0.101574
1 0.481694 0.685087 0.174558 0.190295
1 0.479222 0.969829 0.161048 0.059144
1 0.969697 0.0704053 0.0604921 0.140811
1 0.0830115 0.982522 0.158529 0.0349559
1 0.0369433 0.515238 0.0736552 0.203396
1 0.967491 0.730093 0.0650188 0.209181
1 0.0913997 0.0893858 0.180368 0.174232
