1 0.073611 0.415978 0.141667 0.236915
1 0.104167 0.207989 0.202778 0.195592
1 0.916667 0.163912 0.166667 0.245179
1 0.925000 0.439394 0.150000 0.228650
1 0.098611 0.053719 0.191667 0.101928
1 0.143056 0.953168 0.252778 0.093664
1 0.297222 0.723140 0.238889 0.223140
1 0.394444 0.143251 0.216667 0.231405
1 0.180556 0.530303 0.200000 0.289256
1 0.429167 0.884298 0.241667 0.225895
1 0.863889 0.651515 0.222222 0.234160
1 0.661111 0.756198 0.177778 0.206612
1 0.783333 0.761708 0.216667 0.201102
0 0.505556 0.505510 0.466667 0.460055
1 0.698611 0.753444 0.252778 0.212121
