1 0.619444 0.758953 0.233333 0.217631
1 0.705556 0.163912 0.227778 0.206612
1 0.577778 0.942149 0.205556 0.115702
1 0.050000 0.501377 0.094444 0.203857
1 0.418056 0.909091 0.225000 0.181818
1 0.806944 0.362259 0.219444 0.217631
1 0.230556 0.568871 0.211111 0.234160
1 0.170833 0.353994 0.263889 0.184573
1 0.969444 0.902204 0.061111 0.173554
0 0.511111 0.504132 0.322222 0.292011
1 0.980556 0.100551 0.038889 0.190083
2 0.788889 0.731405 0.094444 0.090909
1 0.186111 0.118457 0.261111 0.231405
1 0.945833 0.497245 0.108333 0.256198
2 0.901389 0.044077 0.086111 0.082645
