0 0.065625 0.765625 0.128125 0.343750
1 0.246094 0.896875 0.192188 0.193750
1 0.419531 0.255208 0.182812 0.227083
1 0.265625 0.148958 0.181250 0.247917
1 0.887500 0.738542 0.168750 0.218750
1 0.753125 0.495833 0.184375 0.208333
1 0.916406 0.930208 0.167187 0.139583
1 0.092969 0.961458 0.142187 0.077083
1 0.292969 0.432292 0.198437 0.252083
1 0.439844 0.497917 0.176563 0.204167
1 0.915625 0.354167 0.153125 0.208333
1 0.288281 0.688542 0.189062 0.222917
1 0.926562 0.091667 0.143750 0.179167
1 0.702344 0.068750 0.139063 0.133333
1 0.696094 0.816667 0.164062 0.200000
2 0.352344 0.021875 0.085938 0.039583
1 0.024219 0.161458 0.045312 0.231250
1 0.442969 0.628125 0.189062 0.202083
1 0.054688 0.440625 0.106250 0.256250
1 0.614844 0.264583 0.192188 0.212500
1 0.850781 0.501042 0.185938 0.218750
1 0.164844 0.498958 0.157812 0.185417
1 0.557031 0.603125 0.164062 0.160417
1 0.560156 0.817708 0.157812 0.206250
