0 0.697115 0.895433 0.240385 0.209135
1 0.074519 0.108173 0.144231 0.211538
0 0.509615 0.711538 0.331731 0.480769
1 0.875000 0.311298 0.168269 0.223558
1 0.250000 0.638221 0.201923 0.180288
1 0.231971 0.891827 0.199519 0.211538
1 0.368990 0.439904 0.127404 0.173077
1 0.840144 0.614183 0.180288 0.199519
1 0.197115 0.262019 0.201923 0.240385
1 0.368990 0.060096 0.170673 0.115385
1 0.062500 0.354567 0.120192 0.257212
1 0.491587 0.252404 0.151442 0.182692
1 0.621394 0.132212 0.180288 0.197115
1 0.441106 0.974760 0.137019 0.050481
1 0.228365 0.027644 0.173077 0.050481
1 0.025240 0.658654 0.045673 0.192308
1 0.748798 0.591346 0.156250 0.216346
1 0.411058 0.235577 0.187500 0.235577
1 0.931490 0.647837 0.132212 0.213942
1 0.712740 0.326923 0.108173 0.173077
1 0.682692 0.250000 0.115385 0.139423
1 0.538462 0.367788 0.149038 0.173077
1 0.637019 0.463942 0.139423 0.139423
1 0.275240 0.433894 0.098558 0.180288
1 0.709135 0.072115 0.144231 0.139423
1 0.966346 0.241587 0.067308 0.223558
