0 0.478365 0.481971 0.341346 0.435096
1 0.503606 0.783654 0.194712 0.201923
1 0.704327 0.314904 0.197115 0.230769
1 0.437500 0.138221 0.225962 0.252404
1 0.201923 0.936298 0.206731 0.127404
1 0.076923 0.582933 0.149038 0.213942
1 0.711538 0.956731 0.182692 0.086538
1 0.486779 0.939904 0.194712 0.120192
1 0.592548 0.167067 0.189904 0.209135
1 0.198317 0.754808 0.185096 0.216346
1 0.913462 0.853365 0.173077 0.254808
1 0.807692 0.057692 0.163462 0.110577
1 0.365385 0.823317 0.192308 0.228365
1 0.721154 0.756010 0.206731 0.290865
1 0.338942 0.224760 0.201923 0.252404
1 0.637019 0.033654 0.168269 0.062500
1 0.229567 0.498798 0.180288 0.223558
1 0.187500 0.274038 0.163462 0.240385
1 0.881010 0.561298 0.199519 0.237981
1 0.718750 0.717548 0.197115 0.213942
1 0.043269 0.103365 0.081731 0.201923
1 0.962740 0.084135 0.074519 0.163462
1 0.042067 0.277644 0.079327 0.247596
1 0.025240 0.796875 0.045673 0.194712
