1 0.527644 0.069712 0.180288 0.134615
1 0.723558 0.800481 0.197115 0.225962
1 0.721154 0.299279 0.216346 0.209135
1 0.406250 0.288462 0.187500 0.211538
1 0.585337 0.925481 0.194712 0.149038
0 0.250000 0.659856 0.230769 0.290865
1 0.479567 0.823317 0.189904 0.223558
1 0.781250 0.094952 0.173077 0.165865
1 0.960337 0.713942 0.079327 0.216346
1 0.576923 0.634615 0.182692 0.230769
1 0.263221 0.141827 0.175481 0.240385
1 0.329327 0.336538 0.187500 0.221154
2 0.822115 0.635817 0.072115 0.079327
1 0.918269 0.302885 0.163462 0.235577
1 0.712740 0.586538 0.156250 0.211538
1 0.031250 0.343750 0.057692 0.201923
1 0.054087 0.829327 0.103365 0.225962
1 0.093750 0.086538 0.182692 0.168269
1 0.948317 0.945913 0.103365 0.108173
1 0.158654 0.414663 0.201923 0.233173
1 0.061298 0.618990 0.117788 0.237981
