1 0.450000 0.951791 0.211111 0.096419
1 0.198611 0.250689 0.202778 0.198347
1 0.338889 0.826446 0.194444 0.203857
1 0.625000 0.170799 0.194444 0.209366
1 0.077778 0.508264 0.150000 0.217631
1 0.073611 0.887052 0.141667 0.220386
1 0.887500 0.593664 0.197222 0.217631
1 0.066667 0.081267 0.127778 0.157025
1 0.805556 0.446281 0.200000 0.209366
1 0.948611 0.913223 0.102778 0.173554
1 0.612500 0.841598 0.219444 0.201102
1 0.029167 0.305785 0.052778 0.220386
1 0.411111 0.194215 0.211111 0.228650
1 0.845833 0.103306 0.247222 0.201102
1 0.775000 0.907713 0.227778 0.184573
1 0.163889 0.684573 0.250000 0.228650
2 0.263889 0.546832 0.072222 0.085399
1 0.173611 0.984848 0.219444 0.030303
1 0.218056 0.015152 0.219444 0.024793
1 0.972222 0.030303 0.055556 0.055096
0 0.504167 0.555096 0.413889 0.415978
