0 0.772837 0.320913 0.454327 0.382212
1 0.138221 0.828125 0.223558 0.209135
1 0.457933 0.407452 0.213942 0.209135
1 0.218750 0.397837 0.225962 0.189904
1 0.710337 0.691106 0.223558 0.204327
1 0.913462 0.657452 0.173077 0.199519
1 0.491587 0.632212 0.218750 0.182692
1 0.307692 0.234375 0.230769 0.175481
1 0.097356 0.137019 0.189904 0.192308
1 0.483173 0.965144 0.230769 0.069712
1 0.274038 0.528846 0.259615 0.221154
1 0.550481 0.134615 0.312500 0.163462
1 0.070913 0.471154 0.137019 0.245192
1 0.965144 0.847356 0.069712 0.223558
1 0.574519 0.848558 0.230769 0.144231
1 0.500000 0.781250 0.206731 0.115385
1 0.906250 0.093750 0.187500 0.134615
1 0.683894 0.027644 0.257212 0.050481
