1 0.114754 0.555556 0.218579 0.233062
1 0.952186 0.915989 0.095628 0.168022
1 0.956284 0.685637 0.087432 0.281843
1 0.068306 0.367209 0.131148 0.203252
1 0.411202 0.119241 0.204918 0.211382
1 0.566940 0.762873 0.204918 0.241192
1 0.207650 0.176152 0.191257 0.205962
0 0.427596 0.514905 0.341530 0.319783
1 0.879781 0.204607 0.234973 0.268293
1 0.937158 0.445799 0.125683 0.208672
1 0.782787 0.764228 0.215847 0.200542
1 0.871585 0.059621 0.256831 0.113821
1 0.784153 0.926829 0.229508 0.140921
1 0.061475 0.172087 0.117486 0.203252
1 0.109290 0.042005 0.213115 0.078591
1 0.573770 0.952575 0.196721 0.094851
