1 0.606087 0.221739 0.217391 0.206957
1 0.806087 0.887826 0.196522 0.220870
1 0.769565 0.093913 0.224348 0.184348
1 0.253043 0.664348 0.206957 0.212174
1 0.800870 0.503478 0.224348 0.220870
1 0.421739 0.864348 0.238261 0.250435
1 0.942609 0.130435 0.114783 0.257391
1 0.480000 0.064348 0.236522 0.125217
1 0.068696 0.441739 0.133913 0.222609
1 0.953043 0.790435 0.093913 0.200000
1 0.917391 0.955652 0.165217 0.088696
1 0.222609 0.949565 0.222609 0.100870
1 0.269565 0.347826 0.222609 0.236522
1 0.633043 0.739130 0.240000 0.212174
1 0.058261 0.126957 0.113043 0.233043
0 0.509565 0.482609 0.351304 0.349565
