1 0.081944 0.822314 0.158333 0.223140
1 0.797222 0.767218 0.238889 0.316804
1 0.409722 0.048209 0.263889 0.090909
1 0.850000 0.163912 0.266667 0.212121
1 0.573611 0.177686 0.280556 0.234160
1 0.658333 0.049587 0.227778 0.093664
1 0.075000 0.973829 0.144444 0.052342
1 0.045833 0.595041 0.086111 0.231405
1 0.873611 0.031680 0.247222 0.057851
1 0.751389 0.303030 0.291667 0.198347
1 0.606944 0.874656 0.336111 0.250689
1 0.302778 0.130854 0.261111 0.256198
1 0.125000 0.358127 0.244444 0.214876
1 0.144444 0.545455 0.216667 0.209366
1 0.180556 0.201102 0.272222 0.214876
1 0.275000 0.874656 0.305556 0.206612
1 0.798611 0.497245 0.252778 0.206612
1 0.191667 0.725895 0.205556 0.168044
0 0.504167 0.500000 0.525000 0.603306
2 0.027778 0.462810 0.050000 0.088154
