0 0.452344 0.780208 0.364063 0.439583
1 0.239063 0.693750 0.146875 0.187500
1 0.317969 0.153125 0.176563 0.222917
1 0.153125 0.850000 0.140625 0.187500
1 0.596875 0.205208 0.168750 0.210417
1 0.704688 0.630208 0.168750 0.193750
1 0.139844 0.543750 0.142187 0.212500
1 0.698438 0.821875 0.165625 0.168750
1 0.404687 0.345833 0.162500 0.208333
1 0.592187 0.438542 0.178125 0.247917
1 0.724219 0.101042 0.170313 0.197917
2 0.532813 0.035417 0.065625 0.066667
1 0.965625 0.269792 0.068750 0.189583
1 0.826562 0.450000 0.178125 0.241667
1 0.040625 0.251042 0.078125 0.214583
1 0.049219 0.779167 0.095312 0.200000
2 0.361719 0.550000 0.110937 0.120833
1 0.942969 0.823958 0.114062 0.218750
1 0.975781 0.605208 0.048438 0.218750
1 0.940625 0.051042 0.118750 0.097917
1 0.219531 0.392708 0.201563 0.193750
1 0.834375 0.182292 0.190625 0.239583
1 0.891406 0.969792 0.145313 0.060417
1 0.279687 0.976042 0.156250 0.047917
1 0.213281 0.973958 0.151562 0.052083
1 0.878906 0.864583 0.110937 0.183333
