0 0.640625 0.779167 0.346875 0.420833
1 0.411719 0.766667 0.176563 0.225000
1 0.167969 0.581250 0.167187 0.204167
1 0.289062 0.191667 0.187500 0.204167
1 0.485938 0.532292 0.165625 0.218750
1 0.207031 0.401042 0.151562 0.193750
1 0.913281 0.172917 0.170313 0.225000
1 0.614844 0.409375 0.173437 0.210417
1 0.963281 0.906250 0.073438 0.187500
1 0.110156 0.817708 0.179688 0.247917
1 0.383594 0.062500 0.157812 0.120833
1 0.310156 0.947917 0.164062 0.100000
1 0.082812 0.070833 0.150000 0.137500
1 0.080469 0.284375 0.157812 0.214583
1 0.668750 0.184375 0.187500 0.243750
1 0.940625 0.526042 0.118750 0.206250
1 0.476562 0.945833 0.165625 0.108333
1 0.032813 0.498958 0.062500 0.172917
1 0.099219 0.968750 0.142187 0.062500
1 0.853125 0.656250 0.165625 0.216667
1 0.814844 0.353125 0.160938 0.214583
1 0.576562 0.031250 0.162500 0.058333
1 0.870313 0.763542 0.146875 0.185417
1 0.837500 0.982292 0.146875 0.035417
1 0.203906 0.812500 0.170313 0.233333
1 0.974219 0.697917 0.051562 0.179167
1 0.205469 0.033333 0.164062 0.062500
2 0.765625 0.956250 0.046875 0.070833
1 0.762500 0.415625 0.156250 0.189583
1 0.342187 0.446875 0.125000 0.289583
1 0.972656 0.045833 0.054688 0.087500
1 0.598437 0.207292 0.153125 0.218750
