1 0.949565 0.870435 0.100870 0.259130
1 0.611304 0.046087 0.318261 0.088696
1 0.708696 0.208696 0.283478 0.288696
1 0.765217 0.801739 0.257391 0.271304
1 0.247826 0.849565 0.300870 0.234783
1 0.045217 0.717391 0.086957 0.213913
1 0.103478 0.253043 0.203478 0.283478
1 0.865217 0.577391 0.269565 0.306087
1 0.123478 0.476522 0.243478 0.292174
1 0.846957 0.060000 0.285217 0.116522
1 0.889565 0.360000 0.220870 0.243478
1 0.387826 0.173913 0.351304 0.344348
1 0.523478 0.890435 0.295652 0.215652
0 0.506957 0.575652 0.391304 0.441739
