1 0.069444 0.917355 0.133333 0.165289
1 0.656944 0.073003 0.186111 0.140496
1 0.122222 0.078512 0.200000 0.151515
1 0.070833 0.655647 0.136111 0.242424
1 0.266667 0.384298 0.194444 0.206612
1 0.926389 0.659780 0.147222 0.201102
1 0.380556 0.101928 0.194444 0.198347
1 0.494444 0.913223 0.227778 0.173554
1 0.900000 0.862259 0.200000 0.203857
1 0.583333 0.747934 0.250000 0.195592
1 0.683333 0.258953 0.250000 0.225895
1 0.268056 0.661157 0.219444 0.231405
1 0.904167 0.177686 0.191667 0.250689
1 0.879167 0.377410 0.202778 0.319559
1 0.031944 0.406336 0.058333 0.250689
1 0.884722 0.955923 0.225000 0.088154
1 0.375000 0.716253 0.188889 0.203857
1 0.023611 0.254821 0.041667 0.190083
0 0.512500 0.501377 0.336111 0.347107
1 0.965278 0.117080 0.069444 0.228650
