1 0.078261 0.193043 0.153043 0.208696
1 0.487826 0.135652 0.224348 0.243478
1 0.957391 0.555652 0.085217 0.255652
1 0.701739 0.932174 0.234783 0.132174
1 0.891304 0.381739 0.217391 0.224348
1 0.832174 0.635652 0.224348 0.300870
1 0.755652 0.133043 0.252174 0.255652
1 0.269565 0.215652 0.219130 0.267826
1 0.964348 0.866087 0.071304 0.257391
1 0.079130 0.046957 0.154783 0.090435
0 0.440870 0.551304 0.600000 0.619130
1 0.273913 0.043478 0.224348 0.083478
1 0.089565 0.694783 0.175652 0.231304
1 0.086957 0.518261 0.170435 0.177391
1 0.374783 0.877391 0.213913 0.210435
1 0.181739 0.866087 0.213913 0.243478
