1 0.414062 0.812500 0.156250 0.187500
0 0.552344 0.159375 0.292187 0.314583
1 0.036719 0.121875 0.070312 0.239583
1 0.646094 0.861458 0.173437 0.206250
1 0.239844 0.459375 0.157812 0.214583
1 0.135937 0.066667 0.153125 0.129167
1 0.155469 0.269792 0.142187 0.197917
1 0.257812 0.679167 0.168750 0.245833
1 0.510156 0.942708 0.157812 0.114583
1 0.545312 0.676042 0.175000 0.214583
1 0.329688 0.041667 0.168750 0.079167
1 0.703125 0.436458 0.168750 0.218750
1 0.553125 0.407292 0.178125 0.197917
1 0.448437 0.520833 0.171875 0.191667
1 0.732031 0.954167 0.145313 0.091667
2 0.233594 0.831250 0.064062 0.070833
1 0.026562 0.411458 0.050000 0.185417
1 0.875000 0.205208 0.203125 0.239583
1 0.357812 0.268750 0.193750 0.250000
1 0.128125 0.650000 0.178125 0.183333
1 0.806250 0.085417 0.128125 0.150000
1 0.898438 0.968750 0.140625 0.062500
1 0.857031 0.736458 0.157812 0.222917
2 0.734375 0.015625 0.043750 0.027083
1 0.911719 0.441667 0.160938 0.225000
1 0.133594 0.485417 0.157812 0.187500
1 0.971094 0.894792 0.057813 0.206250
1 0.154688 0.870833 0.128125 0.220833
1 0.977344 0.681250 0.045312 0.208333
1 0.856250 0.552083 0.150000 0.200000
