1 0.613913 0.238261 0.212174 0.201739
1 0.074783 0.743478 0.146087 0.252174
1 0.790435 0.373043 0.196522 0.220870
1 0.483478 0.797391 0.222609 0.210435
1 0.934783 0.257391 0.130435 0.236522
1 0.760000 0.615652 0.219130 0.222609
1 0.827826 0.085217 0.191304 0.166957
1 0.184348 0.518261 0.233043 0.212174
1 0.249565 0.309565 0.227826 0.267826
1 0.121739 0.069565 0.240000 0.135652
1 0.966957 0.693913 0.066087 0.236522
1 0.266087 0.837391 0.187826 0.252174
1 0.373913 0.059130 0.222609 0.114783
1 0.499130 0.924348 0.201739 0.151304
0 0.502609 0.500000 0.326957 0.363478
1 0.702609 0.969565 0.170435 0.060870
1 0.031304 0.306957 0.059130 0.224348
1 0.628696 0.034783 0.231304 0.066087
