1 0.352163 0.199519 0.180288 0.192308
0 0.450721 0.608173 0.353365 0.427885
1 0.933894 0.909856 0.132212 0.146635
1 0.516827 0.063702 0.158654 0.122596
1 0.164663 0.841346 0.161058 0.216346
1 0.045673 0.365385 0.086538 0.201923
1 0.156250 0.698317 0.139423 0.146635
1 0.824519 0.774038 0.173077 0.206731
1 0.181490 0.105769 0.204327 0.206731
1 0.758413 0.492788 0.185096 0.187500
1 0.536058 0.207933 0.177885 0.185096
1 0.961538 0.139423 0.076923 0.192308
1 0.961538 0.340144 0.076923 0.185096
1 0.337740 0.891827 0.199519 0.206731
1 0.365385 0.044471 0.149038 0.084135
1 0.504808 0.961538 0.173077 0.076923
1 0.030048 0.932692 0.055288 0.134615
1 0.805288 0.150240 0.177885 0.218750
1 0.647837 0.795673 0.175481 0.177885
1 0.621394 0.197115 0.146635 0.192308
1 0.211538 0.330529 0.173077 0.161058
1 0.913462 0.031250 0.158654 0.057692
1 0.903846 0.558894 0.192308 0.228365
1 0.728365 0.084135 0.168269 0.158654
1 0.710337 0.618990 0.165865 0.170673
1 0.239183 0.461538 0.151442 0.177885
1 0.040865 0.731971 0.076923 0.204327
