0 0.794471 0.501202 0.387019 0.579327
1 0.900240 0.129808 0.199519 0.240385
1 0.555288 0.362981 0.192308 0.211538
1 0.377404 0.293269 0.173077 0.201923
1 0.097356 0.405048 0.180288 0.218750
1 0.146635 0.840144 0.182692 0.228365
1 0.257212 0.661058 0.197115 0.230769
1 0.823317 0.831731 0.204327 0.177885
1 0.417067 0.923077 0.180288 0.153846
1 0.581731 0.913462 0.192308 0.168269
1 0.394231 0.513221 0.197115 0.233173
1 0.693510 0.117788 0.223558 0.225962
2 0.341346 0.112981 0.076923 0.081731
1 0.572115 0.600962 0.187500 0.206731
1 0.151442 0.245192 0.206731 0.235577
1 0.830529 0.953125 0.218750 0.093750
1 0.052885 0.091346 0.100962 0.177885
1 0.408654 0.730769 0.139423 0.221154
1 0.617788 0.819712 0.192308 0.197115
1 0.967548 0.795673 0.064904 0.245192
1 0.487981 0.048077 0.192308 0.091346
1 0.061298 0.924279 0.117788 0.151442
1 0.144231 0.055288 0.125000 0.105769
1 0.305288 0.040865 0.144231 0.076923
2 0.250000 0.278846 0.043269 0.076923
