1 0.094783 0.635652 0.186087 0.213913
1 0.057391 0.328696 0.111304 0.246957
1 0.573043 0.804348 0.210435 0.224348
1 0.742609 0.642609 0.212174 0.231304
1 0.673913 0.089565 0.227826 0.175652
1 0.331304 0.857391 0.200000 0.205217
1 0.926087 0.781739 0.144348 0.227826
1 0.113913 0.860870 0.220870 0.226087
1 0.286957 0.562609 0.198261 0.248696
1 0.793913 0.910435 0.200000 0.175652
1 0.892174 0.256522 0.215652 0.241739
1 0.446087 0.966087 0.231304 0.067826
1 0.889565 0.069565 0.213913 0.135652
1 0.898261 0.480000 0.203478 0.253913
1 0.393043 0.166087 0.222609 0.245217
1 0.207826 0.313043 0.217391 0.281739
0 0.522609 0.468696 0.293913 0.408696
1 0.080000 0.073043 0.156522 0.142609
