1 0.164844 0.241667 0.195312 0.220833
0 0.428125 0.523958 0.200000 0.268750
1 0.935156 0.790625 0.126562 0.231250
1 0.535937 0.301042 0.162500 0.222917
1 0.636719 0.463542 0.157812 0.185417
1 0.932031 0.064583 0.135937 0.125000
2 0.232813 0.557292 0.106250 0.139583
1 0.970313 0.582292 0.059375 0.218750
1 0.072656 0.431250 0.142187 0.212500
1 0.253125 0.790625 0.209375 0.252083
2 0.108594 0.109375 0.064062 0.089583
1 0.358594 0.256250 0.179688 0.200000
1 0.819531 0.551042 0.167187 0.227083
1 0.083594 0.942708 0.160938 0.114583
1 0.828906 0.956250 0.189062 0.087500
1 0.958594 0.334375 0.082812 0.193750
1 0.307812 0.128125 0.184375 0.202083
1 0.510156 0.100000 0.179688 0.195833
1 0.957031 0.211458 0.085938 0.218750
1 0.555469 0.947917 0.179688 0.104167
1 0.299219 0.950000 0.170313 0.100000
1 0.122656 0.023958 0.154688 0.043750
1 0.459375 0.756250 0.196875 0.191667
1 0.092969 0.761458 0.154688 0.143750
1 0.637500 0.786458 0.134375 0.214583
1 0.587500 0.593750 0.143750 0.170833
