0 0.476562 0.654167 0.346875 0.441667
1 0.727344 0.392708 0.195312 0.239583
1 0.953125 0.584375 0.093750 0.206250
1 0.136719 0.937500 0.160938 0.125000
1 0.074219 0.386458 0.145313 0.210417
1 0.850000 0.165625 0.190625 0.239583
1 0.239844 0.619792 0.160938 0.247917
1 0.968750 0.884375 0.062500 0.231250
1 0.480469 0.182292 0.157812 0.181250
1 0.665625 0.162500 0.171875 0.225000
1 0.384375 0.895833 0.196875 0.204167
1 0.200000 0.089583 0.178125 0.175000
1 0.867188 0.788542 0.184375 0.239583
1 0.161719 0.532292 0.154688 0.210417
1 0.037500 0.281250 0.071875 0.204167
1 0.732812 0.083333 0.165625 0.162500
1 0.241406 0.256250 0.157812 0.233333
1 0.956250 0.246875 0.087500 0.210417
1 0.867188 0.958333 0.190625 0.083333
1 0.369531 0.102083 0.145313 0.191667
1 0.082812 0.734375 0.162500 0.218750
1 0.669531 0.797917 0.176563 0.250000
