0 0.209135 0.800481 0.413462 0.399038
1 0.695913 0.705529 0.247596 0.180288
1 0.062500 0.334135 0.120192 0.173077
2 0.591346 0.594952 0.076923 0.069712
1 0.914663 0.289663 0.170673 0.209135
1 0.429087 0.573317 0.262019 0.189904
1 0.679087 0.418269 0.276442 0.211538
1 0.745192 0.326923 0.197115 0.182692
1 0.525240 0.074519 0.194712 0.144231
1 0.776442 0.914663 0.225962 0.165865
1 0.962740 0.501202 0.074519 0.199519
1 0.974760 0.679087 0.050481 0.204327
1 0.528846 0.225962 0.274038 0.197115
1 0.343750 0.966346 0.211538 0.067308
1 0.304087 0.194712 0.218750 0.259615
1 0.072115 0.561298 0.139423 0.170673
1 0.837740 0.092548 0.252404 0.180288
1 0.573317 0.891827 0.218750 0.206731
1 0.882212 0.823317 0.177885 0.141827
1 0.460337 0.778846 0.132212 0.139423
1 0.087740 0.085337 0.170673 0.165865
