0 0.548077 0.795673 0.384615 0.408654
1 0.356971 0.079327 0.185096 0.153846
1 0.887019 0.575721 0.173077 0.213942
1 0.501202 0.473558 0.165865 0.182692
1 0.822115 0.899038 0.197115 0.201923
1 0.645433 0.376202 0.199519 0.189904
1 0.866587 0.080529 0.189904 0.151442
1 0.320913 0.733173 0.175481 0.201923
1 0.935096 0.352163 0.120192 0.204327
1 0.163462 0.222356 0.201923 0.223558
1 0.242788 0.512019 0.168269 0.250000
1 0.528846 0.253606 0.168269 0.204327
1 0.174279 0.044471 0.161058 0.084135
1 0.691106 0.210337 0.189904 0.156250
1 0.048077 0.076923 0.091346 0.149038
1 0.719952 0.587740 0.185096 0.194712
1 0.123798 0.811298 0.175481 0.204327
1 0.393029 0.610577 0.175481 0.221154
1 0.145433 0.469952 0.165865 0.209135
1 0.117788 0.698317 0.187500 0.180288
1 0.683894 0.061298 0.165865 0.117788
1 0.520433 0.034856 0.141827 0.064904
1 0.826923 0.359375 0.153846 0.218750
1 0.048077 0.927885 0.091346 0.144231
1 0.435096 0.237981 0.081731 0.187500
2 0.781250 0.737981 0.076923 0.100962
1 0.965144 0.887019 0.069712 0.225962
1 0.026442 0.540865 0.048077 0.173077
