1 0.083478 0.893043 0.163478 0.213913
1 0.074783 0.147826 0.146087 0.233043
1 0.285217 0.940870 0.253913 0.118261
1 0.076522 0.487826 0.149565 0.262609
1 0.903478 0.873043 0.189565 0.246957
1 0.633043 0.133913 0.260870 0.253913
1 0.250435 0.259130 0.229565 0.264348
1 0.268696 0.777391 0.238261 0.229565
1 0.926957 0.126957 0.142609 0.250435
1 0.371304 0.044348 0.262609 0.085217
1 0.942609 0.386087 0.114783 0.292174
1 0.822609 0.239130 0.222609 0.241739
1 0.855652 0.514783 0.253913 0.288696
0 0.495652 0.493913 0.553043 0.483478
