1 0.844348 0.166087 0.231304 0.234783
1 0.936522 0.810435 0.126957 0.219130
1 0.173913 0.468696 0.212174 0.238261
1 0.100870 0.793913 0.198261 0.273043
1 0.269565 0.048696 0.250435 0.093913
1 0.951304 0.511304 0.097391 0.253913
1 0.256522 0.237391 0.224348 0.276522
1 0.852174 0.640000 0.194783 0.222609
1 0.736522 0.039130 0.238261 0.074783
1 0.036522 0.568696 0.069565 0.278261
1 0.585217 0.878261 0.210435 0.226087
1 0.503478 0.193043 0.206957 0.229565
1 0.958261 0.292174 0.083478 0.212174
1 0.337391 0.910435 0.253913 0.179130
1 0.067826 0.203478 0.132174 0.201739
1 0.226957 0.760000 0.231304 0.229565
0 0.522609 0.529565 0.481739 0.394783
1 0.813043 0.966957 0.259130 0.066087
1 0.693913 0.867826 0.173913 0.212174
1 0.292174 0.831304 0.215652 0.201739
1 0.045217 0.126957 0.086957 0.208696
1 0.395652 0.253043 0.196522 0.161739
