1 0.916522 0.088696 0.166957 0.173913
1 0.232174 0.353913 0.241739 0.231304
1 0.749565 0.163478 0.226087 0.271304
1 0.853043 0.311304 0.231304 0.253913
1 0.851304 0.566087 0.234783 0.224348
1 0.254783 0.610435 0.217391 0.250435
1 0.095652 0.519130 0.187826 0.262609
1 0.287826 0.859130 0.220870 0.229565
0 0.518261 0.524348 0.344348 0.339130
1 0.086087 0.880870 0.168696 0.231304
1 0.402609 0.229565 0.182609 0.243478
1 0.704348 0.872174 0.201739 0.213913
1 0.555652 0.877391 0.200000 0.241739
1 0.044348 0.122609 0.085217 0.241739
1 0.342609 0.049565 0.250435 0.095652
1 0.051304 0.332174 0.099130 0.267826
1 0.532174 0.223478 0.212174 0.217391
