1 0.388889 0.092287 0.216667 0.179063
1 0.968056 0.899449 0.063889 0.201102
1 0.944444 0.130854 0.111111 0.239669
1 0.065278 0.078512 0.125000 0.151515
1 0.652778 0.147383 0.283333 0.234160
1 0.055556 0.253444 0.105556 0.159780
1 0.125000 0.779614 0.233333 0.236915
1 0.804167 0.454545 0.213889 0.220386
1 0.226389 0.541322 0.191667 0.261708
1 0.252778 0.241047 0.250000 0.250689
1 0.784722 0.874656 0.263889 0.245179
1 0.429167 0.898072 0.291667 0.203857
0 0.513889 0.515152 0.350000 0.358127
1 0.491667 0.775482 0.338889 0.157025
