0 0.764844 0.589583 0.335938 0.466667
1 0.445312 0.850000 0.178125 0.191667
1 0.469531 0.230208 0.170313 0.197917
1 0.621875 0.884375 0.162500 0.193750
1 0.480469 0.082292 0.198437 0.160417
1 0.086719 0.558333 0.170313 0.208333
1 0.545312 0.415625 0.162500 0.193750
1 0.955469 0.887500 0.089063 0.204167
2 0.418750 0.615625 0.078125 0.097917
2 0.123438 0.304167 0.068750 0.095833
1 0.958594 0.683333 0.082812 0.175000
1 0.854688 0.951042 0.146875 0.097917
1 0.939844 0.131250 0.120313 0.195833
1 0.629687 0.316667 0.159375 0.195833
1 0.071094 0.806250 0.139063 0.245833
1 0.849219 0.231250 0.195312 0.254167
2 0.245312 0.592708 0.093750 0.110417
1 0.796875 0.858333 0.184375 0.175000
1 0.840625 0.046875 0.162500 0.089583
2 0.024219 0.634375 0.045312 0.077083
1 0.969531 0.331250 0.060937 0.204167
1 0.553125 0.670833 0.159375 0.250000
1 0.063281 0.445833 0.123438 0.225000
1 0.117969 0.071875 0.176563 0.139583
1 0.457813 0.969792 0.165625 0.060417
1 0.247656 0.119792 0.167187 0.206250
1 0.260937 0.778125 0.181250 0.218750
1 0.047656 0.203125 0.092188 0.202083
