1 0.920833 0.703857 0.158333 0.228650
1 0.797222 0.352617 0.211111 0.187328
1 0.916667 0.151515 0.166667 0.269972
1 0.677778 0.256198 0.200000 0.220386
1 0.222222 0.911846 0.200000 0.176309
1 0.241667 0.070248 0.216667 0.134986
1 0.966667 0.907713 0.066667 0.179063
1 0.576389 0.050964 0.213889 0.096419
1 0.040278 0.822314 0.075000 0.245179
1 0.179167 0.272727 0.263889 0.231405
1 0.494444 0.811295 0.277778 0.245179
0 0.494444 0.498623 0.344444 0.341598
1 0.781944 0.954545 0.219444 0.090909
1 0.813889 0.909091 0.205556 0.170799
