1 0.612981 0.379808 0.177885 0.201923
0 0.550481 0.751202 0.418269 0.487981
1 0.074519 0.646635 0.144231 0.235577
1 0.646635 0.105769 0.182692 0.201923
1 0.929087 0.793269 0.137019 0.197115
1 0.347356 0.504808 0.199519 0.201923
1 0.780048 0.302885 0.199519 0.250000
1 0.429087 0.307692 0.180288 0.235577
1 0.245192 0.747596 0.187500 0.240385
1 0.062500 0.229567 0.120192 0.237981
1 0.055288 0.448317 0.105769 0.199519
1 0.287260 0.954327 0.175481 0.091346
1 0.064904 0.878606 0.125000 0.189904
1 0.354567 0.048077 0.185096 0.091346
1 0.801683 0.712740 0.180288 0.228365
1 0.935096 0.967548 0.129808 0.064904
1 0.945913 0.110577 0.108173 0.216346
1 0.109375 0.036058 0.194712 0.067308
1 0.897837 0.081731 0.108173 0.153846
