1 0.492788 0.877404 0.187500 0.211538
0 0.427885 0.296875 0.288462 0.468750
1 0.695913 0.775240 0.185096 0.228365
1 0.133413 0.084135 0.175481 0.163462
1 0.233173 0.850962 0.192308 0.206731
1 0.751202 0.078125 0.218750 0.151442
1 0.556490 0.611779 0.194712 0.228365
1 0.270433 0.646635 0.185096 0.206731
1 0.847356 0.185096 0.185096 0.235577
1 0.233173 0.389423 0.173077 0.211538
1 0.043269 0.578125 0.081731 0.209135
1 0.179087 0.633413 0.185096 0.175481
1 0.066106 0.317308 0.127404 0.259615
1 0.426683 0.632212 0.194712 0.230769
1 0.312500 0.935096 0.192308 0.129808
1 0.806490 0.923077 0.209135 0.153846
1 0.125000 0.957933 0.197115 0.084135
1 0.973558 0.228365 0.052885 0.259615
1 0.915865 0.480769 0.168269 0.206731
1 0.849760 0.691106 0.141827 0.252404
1 0.954327 0.722356 0.091346 0.228365
1 0.931490 0.050481 0.137019 0.096154
