1 0.926389 0.337466 0.147222 0.256198
1 0.116667 0.644628 0.211111 0.236915
1 0.911111 0.588154 0.177778 0.223140
1 0.377778 0.210744 0.272222 0.272727
1 0.766667 0.077135 0.233333 0.148760
1 0.765278 0.669421 0.191667 0.264463
1 0.351389 0.895317 0.258333 0.209366
1 0.747222 0.278237 0.238889 0.225895
1 0.300000 0.692837 0.211111 0.256198
1 0.168056 0.349862 0.236111 0.269972
1 0.627778 0.913223 0.266667 0.173554
1 0.900000 0.826446 0.200000 0.220386
1 0.109722 0.958678 0.213889 0.082645
1 0.561111 0.761708 0.261111 0.212121
1 0.047222 0.213499 0.088889 0.245179
1 0.580556 0.031680 0.211111 0.057851
0 0.495833 0.501377 0.358333 0.396694
