1 0.951389 0.863636 0.097222 0.217631
1 0.130556 0.046832 0.250000 0.088154
1 0.063889 0.541322 0.122222 0.201102
1 0.743056 0.185950 0.241667 0.283747
1 0.343056 0.126722 0.302778 0.225895
1 0.208333 0.628099 0.233333 0.258953
1 0.801389 0.041322 0.263889 0.077135
1 0.413889 0.893939 0.244444 0.212121
1 0.912500 0.683196 0.175000 0.181818
1 0.929167 0.236915 0.141667 0.236915
1 0.908333 0.409091 0.183333 0.212121
1 0.762500 0.738292 0.263889 0.231405
0 0.497222 0.500000 0.427778 0.465565
0 0.036111 0.859504 0.066667 0.280992
1 0.036111 0.180441 0.066667 0.294766
