0 0.437500 0.697917 0.250000 0.337500
1 0.586719 0.298958 0.182812 0.239583
1 0.714844 0.441667 0.185938 0.216667
1 0.243750 0.728125 0.162500 0.268750
1 0.438281 0.064583 0.176563 0.125000
1 0.103125 0.932292 0.156250 0.135417
2 0.383594 0.445833 0.067187 0.091667
2 0.825781 0.929167 0.067187 0.083333
1 0.108594 0.763542 0.142187 0.185417
1 0.170313 0.518750 0.181250 0.191667
1 0.416406 0.938542 0.145313 0.122917
1 0.792188 0.259375 0.159375 0.239583
1 0.270313 0.939583 0.168750 0.120833
1 0.653125 0.837500 0.190625 0.237500
1 0.489844 0.935417 0.170313 0.129167
1 0.904687 0.711458 0.184375 0.260417
1 0.663281 0.142708 0.192188 0.235417
1 0.085938 0.259375 0.165625 0.210417
1 0.263281 0.344792 0.160938 0.210417
1 0.268750 0.041667 0.168750 0.079167
1 0.066406 0.121875 0.129688 0.197917
1 0.980469 0.626042 0.039062 0.247917
1 0.794531 0.028125 0.173437 0.052083
1 0.231250 0.176042 0.150000 0.189583
