1 0.661111 0.074380 0.194444 0.143251
1 0.915278 0.524793 0.169444 0.190083
1 0.936111 0.326446 0.127778 0.223140
1 0.172222 0.242424 0.200000 0.214876
1 0.937500 0.100551 0.125000 0.195592
1 0.388889 0.881543 0.188889 0.231405
1 0.077778 0.038567 0.150000 0.071625
1 0.154167 0.687328 0.202778 0.245179
1 0.027778 0.774105 0.050000 0.209366
1 0.109722 0.462810 0.213889 0.214876
1 0.105556 0.909091 0.205556 0.181818
1 0.787500 0.628099 0.241667 0.203857
1 0.265278 0.964187 0.213889 0.071625
1 0.305556 0.246556 0.172222 0.173554
2 0.308333 0.128099 0.094444 0.079890
0 0.501389 0.509642 0.336111 0.330579
1 0.044444 0.334711 0.083333 0.223140
1 0.790278 0.192837 0.208333 0.231405
1 0.891667 0.920110 0.216667 0.159780
1 0.730556 0.944904 0.172222 0.110193
