0 0.352163 0.546875 0.425481 0.439904
1 0.923077 0.260817 0.153846 0.209135
1 0.384615 0.069712 0.158654 0.134615
1 0.209135 0.247596 0.177885 0.168269
1 0.740385 0.234375 0.192308 0.242788
1 0.532452 0.956731 0.180288 0.086538
1 0.372596 0.832933 0.163462 0.165865
1 0.715144 0.819712 0.185096 0.182692
1 0.721154 0.498798 0.216346 0.189904
1 0.072115 0.859375 0.139423 0.199519
1 0.082933 0.377404 0.161058 0.221154
1 0.830529 0.038462 0.199519 0.072115
1 0.510817 0.204327 0.185096 0.216346
2 0.075721 0.640625 0.069712 0.074519
1 0.760817 0.710337 0.175481 0.199519
1 0.382212 0.221154 0.206731 0.206731
1 0.951923 0.468750 0.096154 0.216346
1 0.608173 0.731971 0.163462 0.209135
1 0.568510 0.070913 0.180288 0.137019
1 0.829327 0.945913 0.211538 0.108173
1 0.500000 0.811298 0.134615 0.165865
1 0.050481 0.147837 0.096154 0.180288
1 0.046875 0.739183 0.088942 0.213942
1 0.153846 0.417067 0.139423 0.156250
1 0.153846 0.592548 0.125000 0.199519
