1 0.085217 0.135652 0.166957 0.205217
1 0.339130 0.064348 0.240000 0.125217
1 0.223478 0.261739 0.217391 0.245217
1 0.817391 0.071304 0.260870 0.139130
1 0.733043 0.200870 0.255652 0.238261
1 0.933913 0.186957 0.132174 0.266087
1 0.107826 0.959130 0.198261 0.081739
1 0.046957 0.368696 0.090435 0.285217
1 0.216522 0.715652 0.210435 0.269565
1 0.846087 0.443478 0.231304 0.299130
0 0.498261 0.501739 0.575652 0.502609
1 0.895652 0.829565 0.198261 0.257391
1 0.740870 0.876522 0.180870 0.219130
1 0.739130 0.708696 0.250435 0.213913
1 0.551304 0.850435 0.208696 0.180870
1 0.354783 0.866957 0.180870 0.238261
1 0.057391 0.651304 0.111304 0.231304
1 0.111304 0.533043 0.205217 0.203478
1 0.060000 0.064348 0.116522 0.125217
1 0.949565 0.405217 0.100870 0.246957
