1 0.933043 0.488696 0.133913 0.250435
1 0.226957 0.869565 0.276522 0.257391
1 0.970435 0.269565 0.059130 0.187826
1 0.586957 0.904348 0.269565 0.191304
1 0.923478 0.084348 0.153043 0.165217
1 0.374783 0.147826 0.259130 0.288696
1 0.131304 0.647826 0.259130 0.241739
1 0.773913 0.590435 0.208696 0.231304
1 0.096522 0.431304 0.189565 0.219130
1 0.101739 0.120870 0.200000 0.238261
1 0.945217 0.949565 0.109565 0.100870
1 0.770435 0.041739 0.295652 0.080000
0 0.466087 0.496522 0.448696 0.453913
1 0.148696 0.033913 0.227826 0.064348
1 0.673913 0.226087 0.255652 0.233043
1 0.602609 0.105217 0.220870 0.206957
