1 0.081944 0.296143 0.158333 0.239669
1 0.220833 0.185950 0.180556 0.234160
1 0.106944 0.687328 0.208333 0.223140
1 0.944444 0.301653 0.111111 0.228650
1 0.131944 0.904959 0.230556 0.190083
1 0.381944 0.942149 0.275000 0.115702
1 0.616667 0.198347 0.227778 0.220386
1 0.755556 0.932507 0.216667 0.134986
1 0.397222 0.084022 0.205556 0.162534
1 0.326389 0.774105 0.252778 0.220386
1 0.163889 0.473829 0.255556 0.242424
1 0.826389 0.106061 0.225000 0.206612
1 0.412500 0.188705 0.191667 0.201102
1 0.716667 0.049587 0.266667 0.093664
0 0.506944 0.501377 0.413889 0.391185
