1 0.046957 0.233043 0.090435 0.250435
1 0.906087 0.862609 0.187826 0.246957
1 0.381739 0.856522 0.245217 0.248696
1 0.133043 0.884348 0.238261 0.231304
1 0.285217 0.652174 0.222609 0.253913
1 0.311304 0.080000 0.212174 0.156522
1 0.297391 0.359130 0.208696 0.255652
0 0.503478 0.498261 0.276522 0.325217
1 0.960000 0.619130 0.080000 0.299130
1 0.790435 0.486087 0.252174 0.238261
1 0.198261 0.193913 0.208696 0.213913
1 0.096522 0.567826 0.189565 0.241739
1 0.588696 0.125217 0.220870 0.246957
1 0.841739 0.268696 0.243478 0.241739
1 0.625217 0.786087 0.234783 0.240000
1 0.051304 0.685217 0.099130 0.236522
1 0.814783 0.108696 0.217391 0.213913
1 0.753043 0.704348 0.233043 0.233043
1 0.972174 0.308696 0.055652 0.269565
0 0.047826 0.060000 0.092174 0.116522
1 0.047826 0.060000 0.092174 0.116522
1 0.503478 0.200000 0.200000 0.226087
