1 0.275000 0.060606 0.222222 0.115702
1 0.055556 0.260331 0.105556 0.195592
1 0.091667 0.900826 0.177778 0.198347
1 0.915278 0.871901 0.169444 0.228650
1 0.077778 0.090909 0.150000 0.176309
1 0.479167 0.887052 0.219444 0.209366
1 0.268056 0.932507 0.202778 0.134986
1 0.837500 0.512397 0.197222 0.203857
1 0.931944 0.046832 0.136111 0.088154
1 0.680556 0.929752 0.222222 0.140496
1 0.186111 0.389807 0.205556 0.228650
1 0.968056 0.482094 0.063889 0.220386
1 0.793056 0.123967 0.213889 0.214876
1 0.320833 0.767218 0.241667 0.195592
1 0.830556 0.360882 0.227778 0.236915
1 0.487500 0.026171 0.236111 0.046832
1 0.429167 0.165289 0.241667 0.220386
1 0.745833 0.760331 0.247222 0.242424
1 0.072222 0.644628 0.138889 0.203857
1 0.034722 0.453168 0.063889 0.217631
1 0.147222 0.699725 0.222222 0.231405
1 0.979167 0.699725 0.041667 0.198347
2 0.973611 0.297521 0.052778 0.088154
2 0.433333 0.953168 0.088889 0.077135
2 0.648611 0.694215 0.058333 0.066116
0 0.497222 0.493113 0.427778 0.429752
