1 0.077778 0.079890 0.150000 0.154270
1 0.162500 0.380165 0.230556 0.220386
1 0.713889 0.053719 0.216667 0.101928
1 0.111111 0.612948 0.177778 0.234160
1 0.926389 0.337466 0.147222 0.201102
1 0.102778 0.245179 0.200000 0.170799
1 0.686111 0.230028 0.233333 0.234160
1 0.895833 0.564738 0.208333 0.231405
1 0.473611 0.179063 0.191667 0.269972
1 0.830556 0.747934 0.261111 0.272727
1 0.963889 0.118457 0.072222 0.231405
1 0.491667 0.947658 0.266667 0.104683
2 0.594444 0.352617 0.088889 0.077135
0 0.493056 0.584022 0.413889 0.391185
