0 0.542067 0.543269 0.218750 0.259615
1 0.248798 0.223558 0.194712 0.187500
1 0.263221 0.634615 0.185096 0.206731
1 0.417067 0.188702 0.185096 0.209135
1 0.861779 0.883413 0.194712 0.213942
1 0.896635 0.533654 0.158654 0.182692
1 0.110577 0.518029 0.206731 0.237981
1 0.224760 0.862981 0.180288 0.221154
1 0.914663 0.116587 0.170673 0.228365
1 0.070913 0.157452 0.137019 0.213942
2 0.164663 0.385817 0.069712 0.069712
1 0.962740 0.713942 0.074519 0.197115
1 0.739183 0.741587 0.170673 0.199519
1 0.067308 0.669471 0.129808 0.189904
1 0.370192 0.379808 0.192308 0.192308
1 0.617788 0.080529 0.221154 0.156250
1 0.768029 0.200721 0.156250 0.156250
1 0.525240 0.836538 0.180288 0.187500
1 0.949519 0.907452 0.100962 0.185096
1 0.906250 0.330529 0.182692 0.204327
1 0.562500 0.295673 0.192308 0.177885
1 0.376202 0.811298 0.165865 0.185096
1 0.960337 0.316106 0.079327 0.213942
1 0.439904 0.039663 0.177885 0.074519
1 0.050481 0.391827 0.096154 0.192308
1 0.069712 0.883413 0.134615 0.218750
1 0.743990 0.462740 0.127404 0.257212
1 0.668269 0.902644 0.149038 0.185096
