1 0.934722 0.909091 0.130556 0.181818
1 0.052778 0.665289 0.100000 0.223140
1 0.033333 0.086777 0.061111 0.168044
1 0.094444 0.320937 0.183333 0.272727
1 0.308333 0.263085 0.227778 0.217631
1 0.675000 0.330579 0.183333 0.269972
1 0.456944 0.911846 0.225000 0.176309
1 0.211111 0.877410 0.238889 0.212121
1 0.933333 0.338843 0.133333 0.225895
1 0.483333 0.125344 0.188889 0.195592
1 0.188889 0.039945 0.216667 0.074380
1 0.669444 0.831956 0.222222 0.231405
1 0.227778 0.677686 0.227778 0.247934
2 0.158333 0.202479 0.094444 0.079890
0 0.423611 0.527548 0.380556 0.421488
