1 0.204167 0.378788 0.197222 0.195592
1 0.088889 0.115702 0.172222 0.203857
1 0.904167 0.107438 0.191667 0.176309
1 0.947222 0.922865 0.105556 0.154270
1 0.212500 0.676309 0.202778 0.212121
1 0.080556 0.522039 0.155556 0.234160
1 0.933333 0.720386 0.133333 0.201102
1 0.133333 0.880165 0.222222 0.201102
1 0.934722 0.409091 0.130556 0.212121
1 0.766667 0.672176 0.188889 0.198347
1 0.794444 0.297521 0.216667 0.225895
1 0.516667 0.946281 0.216667 0.107438
1 0.715278 0.887052 0.225000 0.209366
1 0.400000 0.216253 0.233333 0.212121
1 0.400000 0.816804 0.222222 0.195592
1 0.690278 0.071625 0.191667 0.137741
1 0.797222 0.528926 0.144444 0.203857
1 0.580556 0.055096 0.177778 0.104683
2 0.425000 0.079890 0.111111 0.104683
2 0.258333 0.252066 0.077778 0.074380
1 0.880556 0.030303 0.216667 0.055096
0 0.506944 0.524793 0.452778 0.438017
