1 0.487500 0.887052 0.202778 0.225895
1 0.094444 0.465565 0.183333 0.225895
1 0.172222 0.603306 0.183333 0.203857
1 0.841667 0.403581 0.183333 0.223140
1 0.052778 0.163912 0.100000 0.239669
1 0.968056 0.349862 0.063889 0.209366
1 0.893056 0.825069 0.213889 0.223140
1 0.297222 0.056474 0.205556 0.107438
1 0.745833 0.670799 0.225000 0.228650
1 0.306944 0.819559 0.219444 0.223140
1 0.238889 0.177686 0.233333 0.201102
1 0.516667 0.246556 0.222222 0.195592
1 0.040278 0.929752 0.075000 0.134986
1 0.502778 0.048209 0.166667 0.090909
0 0.783333 0.154270 0.433333 0.303030
0 0.476389 0.550964 0.430556 0.424242
