1 0.675000 0.407292 0.156250 0.210417
0 0.452344 0.410417 0.304688 0.379167
1 0.667188 0.132292 0.156250 0.197917
1 0.682813 0.926042 0.159375 0.147917
1 0.830469 0.147917 0.148438 0.195833
1 0.425000 0.796875 0.181250 0.210417
1 0.778125 0.839583 0.178125 0.233333
1 0.326562 0.098958 0.178125 0.193750
1 0.110937 0.182292 0.184375 0.247917
1 0.282031 0.227083 0.151562 0.204167
1 0.314063 0.600000 0.181250 0.233333
1 0.035156 0.562500 0.067187 0.166667
1 0.963281 0.083333 0.073438 0.162500
1 0.613281 0.780208 0.167187 0.235417
1 0.061719 0.913542 0.120313 0.172917
1 0.428125 0.087500 0.150000 0.170833
1 0.310937 0.951042 0.190625 0.097917
1 0.325000 0.753125 0.175000 0.202083
1 0.025781 0.760417 0.048438 0.191667
1 0.148438 0.686458 0.206250 0.272917
1 0.836719 0.965625 0.157812 0.068750
1 0.757812 0.029167 0.143750 0.054167
1 0.886719 0.545833 0.182812 0.191667
1 0.535156 0.025000 0.142187 0.045833
1 0.975781 0.367708 0.048438 0.210417
1 0.850000 0.276042 0.162500 0.214583
1 0.046094 0.323958 0.089063 0.214583
1 0.225000 0.406250 0.165625 0.225000
1 0.047656 0.046875 0.089063 0.089583
1 0.945312 0.717708 0.109375 0.181250
1 0.908594 0.386458 0.110937 0.147917
1 0.807031 0.425000 0.110937 0.145833
1 0.639844 0.587500 0.157812 0.187500
