1 0.818056 0.115702 0.197222 0.165289
1 0.441667 0.808540 0.161111 0.217631
1 0.222222 0.588154 0.183333 0.212121
1 0.936111 0.293388 0.127778 0.212121
1 0.777778 0.712121 0.188889 0.190083
1 0.945833 0.741047 0.108333 0.247934
1 0.061111 0.548209 0.116667 0.192837
1 0.352778 0.209366 0.161111 0.220386
1 0.870833 0.943526 0.130556 0.112948
1 0.237500 0.816804 0.213889 0.206612
1 0.043056 0.844353 0.080556 0.217631
1 0.612500 0.035813 0.213889 0.066116
1 0.162500 0.267218 0.197222 0.165289
1 0.041667 0.177686 0.077778 0.212121
1 0.712500 0.289256 0.230556 0.214876
1 0.855556 0.498623 0.205556 0.236915
1 0.638889 0.826446 0.200000 0.220386
1 0.134722 0.052342 0.263889 0.099174
1 0.684722 0.968320 0.213889 0.063361
1 0.873611 0.016529 0.230556 0.027548
2 0.301389 0.402204 0.075000 0.082645
1 0.215278 0.983471 0.286111 0.033058
0 0.502778 0.498623 0.372222 0.380165
