1 0.718056 0.892562 0.208333 0.214876
1 0.055556 0.163912 0.105556 0.245179
1 0.050000 0.500000 0.094444 0.256198
1 0.570833 0.119835 0.236111 0.234160
1 0.927778 0.285124 0.144444 0.206612
1 0.927778 0.090909 0.144444 0.176309
1 0.229167 0.347107 0.169444 0.231405
1 0.218056 0.600551 0.213889 0.242424
1 0.562500 0.834711 0.219444 0.220386
1 0.816667 0.136364 0.222222 0.245179
1 0.215278 0.122590 0.213889 0.228650
1 0.766667 0.365014 0.238889 0.228650
1 0.404167 0.931129 0.230556 0.137741
1 0.859722 0.960055 0.219444 0.079890
1 0.961111 0.699725 0.077778 0.292011
1 0.112500 0.796143 0.213889 0.231405
1 0.230556 0.023416 0.216667 0.041322
1 0.975000 0.909091 0.050000 0.176309
0 0.509722 0.498623 0.369444 0.380165
1 0.601389 0.987603 0.208333 0.024793
1 0.111111 0.680441 0.211111 0.159780
