0 0.280048 0.691106 0.338942 0.367788
1 0.074519 0.413462 0.144231 0.201923
1 0.306490 0.379808 0.218750 0.240385
1 0.211538 0.205529 0.225962 0.228365
1 0.605769 0.612981 0.182692 0.230769
1 0.893029 0.685096 0.204327 0.206731
1 0.937500 0.899038 0.125000 0.192308
1 0.545673 0.207933 0.173077 0.213942
1 0.498798 0.326923 0.175481 0.177885
2 0.602163 0.853365 0.084135 0.096154
1 0.569712 0.088942 0.182692 0.173077
1 0.098558 0.895433 0.192308 0.204327
1 0.901442 0.280048 0.197115 0.223558
1 0.150240 0.052885 0.199519 0.100962
1 0.762019 0.882212 0.197115 0.235577
1 0.745192 0.128606 0.216346 0.242788
1 0.042067 0.598558 0.079327 0.211538
1 0.820913 0.457933 0.185096 0.213942
1 0.389423 0.092548 0.187500 0.175481
1 0.469952 0.814904 0.141827 0.211538
1 0.352163 0.948317 0.237981 0.103365
