0 0.390105 0.514288 0.351009 0.455505
1 0.830795 0.515269 0.16053 0.204819
1 0.846642 0.740136 0.188155 0.224269
1 0.680177 0.279411 0.173027 0.218675
1 0.898053 0.915235 0.162901 0.169531
1 0.248648 0.217257 0.16071 0.198101
1 0.058315 0.27537 0.11663 0.238975
1 0.681989 0.873756 0.165589 0.221336
1 0.335755 0.899398 0.197678 0.201205
1 0.118995 0.519902 0.185772 0.257347
1 0.589256 0.640665 0.166631 0.272249
1 0.575997 0.0509286 0.159046 0.0998065
1 0.971765 0.102116 0.0563507 0.204233
2 0.224929 0.786702 0.0661082 0.0892925
1 0.0832123 0.732696 0.166402 0.196521
1 0.45159 0.138581 0.175872 0.218009
1 0.277885 0.0651957 0.158373 0.130391
1 0.949391 0.375657 0.101217 0.252829
1 0.0336555 0.926799 0.0649443 0.146402
1 0.0997413 0.0255055 0.151305 0.051011
1 0.0311613 0.730901 0.0619941 0.188504
1 0.957335 0.533401 0.0853301 0.221413
1 0.0145222 0.0774386 0.0263877 0.154877
1 0.81121 0.152396 0.147357 0.24951
1 0.484586 0.982556 0.151403 0.0348886
