1 0.585337 0.301683 0.247596 0.233173
1 0.877404 0.485577 0.221154 0.206731
0 0.697115 0.894231 0.485577 0.211538
1 0.842548 0.201923 0.204327 0.187500
1 0.449519 0.737981 0.254808 0.235577
1 0.068510 0.587740 0.132212 0.170673
1 0.402644 0.323317 0.209135 0.194712
1 0.936298 0.658654 0.127404 0.173077
1 0.219952 0.347356 0.209135 0.170673
1 0.075721 0.860577 0.146635 0.158654
1 0.282452 0.546875 0.185096 0.189904
1 0.709135 0.438702 0.192308 0.161058
1 0.174279 0.709135 0.242788 0.182692
1 0.098558 0.230769 0.192308 0.168269
1 0.965144 0.311298 0.069712 0.218750
1 0.106971 0.138221 0.209135 0.194712
1 0.491587 0.102163 0.233173 0.194712
1 0.108173 0.473558 0.211538 0.182692
1 0.206731 0.939904 0.230769 0.120192
1 0.444712 0.518029 0.192308 0.161058
1 0.961538 0.967548 0.076923 0.064904
1 0.530048 0.502404 0.189904 0.177885
1 0.302885 0.054087 0.240385 0.103365
1 0.441106 0.875000 0.189904 0.153846
1 0.823317 0.076923 0.204327 0.149038
