1 0.916667 0.140496 0.166667 0.264463
1 0.725000 0.095041 0.233333 0.184573
1 0.112500 0.316804 0.219444 0.242424
1 0.488889 0.168044 0.272222 0.236915
1 0.380556 0.044077 0.266667 0.082645
1 0.694444 0.847107 0.222222 0.217631
1 0.806944 0.365014 0.236111 0.289256
1 0.052778 0.805785 0.100000 0.206612
1 0.127778 0.873278 0.244444 0.231405
1 0.401389 0.964187 0.219444 0.071625
1 0.120833 0.578512 0.236111 0.264463
1 0.919444 0.690083 0.161111 0.184573
1 0.284722 0.078512 0.225000 0.151515
1 0.895833 0.604683 0.208333 0.184573
1 0.222222 0.353994 0.166667 0.195592
1 0.220833 0.612948 0.163889 0.228650
1 0.073611 0.100551 0.141667 0.195592
0 0.498611 0.502755 0.352778 0.404959
