1 0.066087 0.074783 0.128696 0.146087
1 0.846087 0.808696 0.234783 0.271304
1 0.530435 0.118261 0.257391 0.233043
1 0.278261 0.093043 0.260870 0.182609
1 0.098261 0.926087 0.193043 0.147826
1 0.806087 0.479130 0.189565 0.224348
1 0.672174 0.873913 0.189565 0.252174
1 0.759130 0.208696 0.252174 0.260870
1 0.935652 0.121739 0.128696 0.240000
1 0.393913 0.733043 0.387826 0.259130
0 0.468696 0.452174 0.471304 0.469565
1 0.167826 0.266957 0.266087 0.241739
1 0.282609 0.906957 0.165217 0.186087
1 0.466957 0.901739 0.213913 0.196522
1 0.122609 0.446087 0.241739 0.203478
