0 0.610577 0.298077 0.375000 0.423077
1 0.182692 0.264423 0.173077 0.197115
1 0.346154 0.281250 0.168269 0.192308
1 0.283654 0.724760 0.177885 0.218750
1 0.075721 0.955529 0.146635 0.088942
1 0.837740 0.915865 0.180288 0.163462
1 0.353365 0.144231 0.163462 0.187500
1 0.320913 0.939904 0.180288 0.120192
1 0.073317 0.193510 0.141827 0.213942
1 0.275240 0.039663 0.161058 0.074519
1 0.486779 0.965144 0.161058 0.069712
1 0.186298 0.486779 0.175481 0.185096
1 0.669471 0.766827 0.209135 0.235577
1 0.221154 0.599760 0.201923 0.170673
1 0.176683 0.873798 0.199519 0.223558
1 0.944712 0.045673 0.110577 0.086538
1 0.448317 0.600962 0.175481 0.269231
1 0.668269 0.966346 0.153846 0.067308
1 0.061298 0.421875 0.117788 0.228365
1 0.780048 0.527644 0.189904 0.175481
1 0.798077 0.469952 0.192308 0.271635
1 0.061298 0.046875 0.117788 0.088942
1 0.950721 0.741587 0.098558 0.161058
1 0.915865 0.719952 0.144231 0.199519
1 0.846154 0.187500 0.163462 0.192308
1 0.900240 0.254808 0.151442 0.177885
