1 0.284722 0.272727 0.191667 0.203857
1 0.090278 0.274105 0.175000 0.195592
1 0.909722 0.187328 0.180556 0.220386
1 0.197222 0.694215 0.183333 0.209366
1 0.569444 0.848485 0.211111 0.203857
1 0.081944 0.870523 0.158333 0.231405
1 0.956944 0.792011 0.086111 0.234160
1 0.904167 0.454545 0.191667 0.225895
1 0.408333 0.954545 0.216667 0.090909
1 0.159722 0.475207 0.191667 0.195592
1 0.062500 0.523416 0.119444 0.242424
1 0.694444 0.037190 0.227778 0.068871
1 0.825000 0.679063 0.227778 0.201102
1 0.036111 0.093664 0.066667 0.181818
1 0.944444 0.960055 0.111111 0.079890
1 0.825000 0.388430 0.194444 0.203857
1 0.120833 0.035813 0.180556 0.066116
2 0.834722 0.972452 0.091667 0.055096
0 0.497222 0.505510 0.483333 0.465565
