1 0.158333 0.336088 0.238889 0.214876
1 0.137500 0.567493 0.180556 0.225895
1 0.766667 0.881543 0.194444 0.231405
1 0.937500 0.869146 0.125000 0.228650
1 0.045833 0.709366 0.086111 0.217631
1 0.181944 0.895317 0.208333 0.209366
1 0.283333 0.119835 0.205556 0.234160
1 0.477778 0.146006 0.227778 0.236915
1 0.561111 0.860882 0.205556 0.228650
1 0.866667 0.512397 0.177778 0.209366
1 0.343056 0.957300 0.191667 0.085399
1 0.975000 0.650138 0.050000 0.231405
2 0.473611 0.943526 0.130556 0.112948
1 0.023611 0.059229 0.041667 0.112948
1 0.145833 0.034435 0.213889 0.063361
0 0.497222 0.500000 0.533333 0.520661
0 0.887500 0.125344 0.225000 0.245179
