0 0.467548 0.461538 0.444712 0.307692
1 0.121394 0.582933 0.218750 0.180288
1 0.372596 0.848558 0.211538 0.173077
1 0.668269 0.787260 0.225962 0.180288
1 0.901442 0.237981 0.192308 0.182692
1 0.103365 0.055288 0.201923 0.105769
1 0.569712 0.062500 0.221154 0.120192
1 0.949519 0.496394 0.100962 0.165865
1 0.758413 0.122596 0.194712 0.168269
1 0.787260 0.551683 0.223558 0.170673
1 0.210337 0.939904 0.218750 0.120192
1 0.929087 0.068510 0.141827 0.132212
1 0.234375 0.144231 0.204327 0.187500
1 0.538462 0.930288 0.240385 0.139423
1 0.830529 0.394231 0.247596 0.149038
1 0.909856 0.968750 0.180288 0.062500
1 0.884615 0.697115 0.216346 0.173077
1 0.733173 0.218750 0.225962 0.187500
1 0.175481 0.370192 0.173077 0.187500
1 0.051683 0.442308 0.098558 0.163462
1 0.593750 0.262019 0.187500 0.125000
2 0.115385 0.467548 0.072115 0.050481
