1 0.917969 0.725000 0.164062 0.212500
1 0.849219 0.519792 0.198437 0.227083
0 0.456250 0.161458 0.390625 0.318750
1 0.756250 0.684375 0.181250 0.243750
1 0.896094 0.121875 0.170313 0.222917
1 0.130469 0.108333 0.160938 0.204167
1 0.657813 0.501042 0.168750 0.197917
1 0.266406 0.933333 0.164062 0.133333
1 0.898438 0.909375 0.140625 0.181250
1 0.040625 0.265625 0.078125 0.218750
1 0.469531 0.661458 0.173437 0.202083
1 0.066406 0.922917 0.129688 0.154167
1 0.494531 0.540625 0.179688 0.206250
1 0.524219 0.880208 0.189062 0.227083
1 0.250781 0.436458 0.189062 0.247917
1 0.600781 0.798958 0.151562 0.243750
2 0.148438 0.465625 0.068750 0.089583
2 0.036719 0.796875 0.064062 0.093750
1 0.748437 0.906250 0.159375 0.187500
1 0.689063 0.153125 0.153125 0.227083
1 0.132031 0.220833 0.145313 0.183333
1 0.184375 0.863542 0.171875 0.181250
1 0.721094 0.092708 0.189062 0.181250
