0 0.193510 0.646635 0.382212 0.355769
1 0.913462 0.461538 0.173077 0.201923
1 0.213942 0.913462 0.235577 0.173077
1 0.954327 0.935096 0.091346 0.129808
1 0.268029 0.161058 0.209135 0.182692
1 0.764423 0.076923 0.206731 0.149038
1 0.146635 0.405048 0.206731 0.165865
1 0.426683 0.741587 0.218750 0.204327
1 0.442308 0.308894 0.216346 0.161058
1 0.945913 0.102163 0.108173 0.194712
1 0.656250 0.848558 0.240385 0.168269
1 0.713942 0.394231 0.221154 0.225962
1 0.102163 0.022837 0.194712 0.040865
1 0.475962 0.969952 0.182692 0.060096
1 0.645433 0.966346 0.185096 0.067308
1 0.730769 0.570913 0.221154 0.170673
1 0.489183 0.538462 0.204327 0.201923
1 0.489183 0.175481 0.156250 0.129808
1 0.603365 0.099760 0.168269 0.146635
1 0.664663 0.699519 0.199519 0.129808
