1 0.918056 0.154270 0.163889 0.225895
1 0.236111 0.757576 0.261111 0.258953
1 0.751389 0.095041 0.219444 0.184573
1 0.841667 0.626722 0.222222 0.256198
1 0.256944 0.081267 0.208333 0.157025
1 0.069444 0.691460 0.133333 0.214876
1 0.856944 0.370523 0.197222 0.250689
1 0.923611 0.717631 0.152778 0.256198
1 0.552778 0.055096 0.200000 0.104683
1 0.187500 0.947658 0.275000 0.104683
1 0.126389 0.333333 0.202778 0.225895
1 0.034722 0.911846 0.063889 0.176309
1 0.980556 0.435262 0.038889 0.203857
1 0.613889 0.862259 0.227778 0.236915
1 0.100000 0.016529 0.194444 0.027548
1 0.026389 0.093664 0.047222 0.170799
1 0.198611 0.268595 0.219444 0.206612
1 0.906944 0.969697 0.186111 0.060606
1 0.736111 0.892562 0.188889 0.209366
0 0.498611 0.501377 0.519444 0.644628
