1 0.072222 0.931129 0.138889 0.137741
1 0.816667 0.349862 0.200000 0.214876
1 0.452778 0.926997 0.227778 0.140496
1 0.056944 0.610193 0.108333 0.239669
1 0.923611 0.567493 0.152778 0.247934
1 0.118056 0.118457 0.208333 0.231405
1 0.502778 0.106061 0.216667 0.206612
1 0.881944 0.137741 0.219444 0.203857
1 0.222222 0.440771 0.216667 0.225895
1 0.156944 0.794766 0.225000 0.201102
1 0.615278 0.775482 0.263889 0.217631
1 0.809722 0.673554 0.225000 0.212121
2 0.026389 0.389807 0.047222 0.134986
0 0.505556 0.502755 0.338889 0.333333
