0 0.182692 0.825721 0.360577 0.348558
1 0.658654 0.222356 0.153846 0.218750
1 0.644231 0.933894 0.149038 0.132212
1 0.115385 0.060096 0.192308 0.115385
1 0.662260 0.485577 0.185096 0.201923
1 0.953125 0.342548 0.093750 0.218750
1 0.207933 0.375000 0.180288 0.225962
1 0.802885 0.822115 0.197115 0.245192
1 0.816106 0.106971 0.213942 0.209135
1 0.451923 0.907452 0.206731 0.185096
1 0.490385 0.122596 0.206731 0.230769
1 0.270433 0.606971 0.199519 0.204327
1 0.540865 0.710337 0.192308 0.213942
1 0.507212 0.385817 0.201923 0.228365
2 0.176683 0.179087 0.079327 0.093750
1 0.055288 0.187500 0.105769 0.221154
1 0.090144 0.514423 0.175481 0.182692
1 0.360577 0.530048 0.182692 0.213942
1 0.393029 0.173077 0.189904 0.216346
1 0.305288 0.058894 0.144231 0.108173
1 0.951923 0.772837 0.096154 0.266827
1 0.820913 0.551683 0.223558 0.276442
