1 0.085217 0.163478 0.166957 0.226087
1 0.822609 0.626957 0.229565 0.255652
1 0.927826 0.856522 0.144348 0.245217
1 0.185217 0.814783 0.213913 0.255652
1 0.115652 0.514783 0.224348 0.243478
1 0.937391 0.368696 0.125217 0.236522
1 0.446957 0.892174 0.226087 0.212174
1 0.334783 0.244348 0.241739 0.217391
1 0.783478 0.054783 0.252174 0.106087
1 0.036522 0.767826 0.069565 0.234783
1 0.791304 0.266957 0.243478 0.255652
1 0.500000 0.770435 0.283478 0.194783
1 0.886957 0.968696 0.226087 0.062609
0 0.555652 0.500870 0.387826 0.403478
