0 0.611779 0.491587 0.415865 0.353365
1 0.099760 0.163462 0.194712 0.177885
1 0.487981 0.699519 0.221154 0.163462
1 0.094952 0.941106 0.185096 0.117788
1 0.887019 0.598558 0.221154 0.168269
1 0.528846 0.088942 0.216346 0.173077
1 0.080529 0.771635 0.156250 0.182692
1 0.849760 0.199519 0.199519 0.173077
1 0.885817 0.362981 0.218750 0.192308
1 0.082933 0.431490 0.161058 0.161058
1 0.889423 0.948317 0.201923 0.103365
1 0.689904 0.716346 0.216346 0.177885
1 0.165865 0.570913 0.317308 0.165865
1 0.259615 0.096154 0.206731 0.173077
1 0.795673 0.923077 0.216346 0.153846
1 0.305288 0.491587 0.216346 0.223558
2 0.322115 0.682692 0.057692 0.057692
1 0.893029 0.760817 0.204327 0.170673
1 0.233173 0.286058 0.274038 0.153846
1 0.641827 0.925481 0.216346 0.149038
