0 0.526563 0.667708 0.328125 0.464583
1 0.775000 0.932292 0.178125 0.135417
1 0.914844 0.319792 0.170313 0.206250
1 0.145313 0.644792 0.171875 0.218750
1 0.056250 0.790625 0.109375 0.222917
1 0.939063 0.667708 0.121875 0.214583
1 0.893750 0.478125 0.171875 0.214583
1 0.916406 0.182292 0.167187 0.231250
1 0.317969 0.363542 0.148438 0.202083
1 0.519531 0.942708 0.179688 0.114583
1 0.501563 0.330208 0.165625 0.218750
1 0.499219 0.115625 0.167187 0.210417
1 0.105469 0.434375 0.192188 0.222917
1 0.971875 0.902083 0.056250 0.195833
1 0.230469 0.859375 0.195312 0.260417
1 0.304688 0.661458 0.178125 0.206250
1 0.325781 0.071875 0.135937 0.139583
1 0.727344 0.064583 0.189062 0.125000
1 0.399219 0.037500 0.139063 0.070833
1 0.232031 0.177083 0.167187 0.216667
1 0.622656 0.295833 0.157812 0.229167
1 0.043750 0.491667 0.084375 0.204167
1 0.657031 0.982292 0.132812 0.035417
1 0.057813 0.231250 0.112500 0.195833
1 0.768750 0.725000 0.150000 0.216667
1 0.718750 0.783333 0.153125 0.170833
1 0.645312 0.208333 0.131250 0.179167
1 0.177344 0.121875 0.148438 0.185417
1 0.361719 0.289583 0.120313 0.175000
