1 0.883478 0.523478 0.233043 0.250435
1 0.847826 0.762609 0.248696 0.231304
1 0.381739 0.922609 0.224348 0.154783
1 0.895652 0.924348 0.205217 0.151304
1 0.703478 0.140870 0.248696 0.278261
1 0.598261 0.890435 0.260870 0.219130
1 0.791304 0.270435 0.212174 0.224348
1 0.138261 0.878261 0.269565 0.243478
1 0.186957 0.671304 0.273043 0.274783
0 0.458261 0.475652 0.457391 0.412174
1 0.057391 0.484348 0.111304 0.245217
1 0.055652 0.239130 0.107826 0.241739
1 0.565217 0.758261 0.212174 0.201739
1 0.905217 0.266957 0.189565 0.220870
