1 0.075652 0.777391 0.147826 0.299130
1 0.852174 0.901739 0.253913 0.196522
1 0.261739 0.074783 0.238261 0.146087
1 0.061739 0.446957 0.120000 0.260870
1 0.808696 0.167826 0.246957 0.311304
1 0.427826 0.887826 0.267826 0.224348
1 0.601739 0.076522 0.271304 0.149565
1 0.250435 0.694783 0.212174 0.273043
1 0.150435 0.925217 0.245217 0.149565
1 0.830435 0.435652 0.286957 0.314783
1 0.797391 0.651304 0.231304 0.290435
1 0.547826 0.228696 0.278261 0.238261
0 0.506087 0.511304 0.483478 0.483478
1 0.065217 0.120000 0.126957 0.236522
1 0.953043 0.347826 0.093913 0.173913
1 0.961739 0.163478 0.076522 0.177391
