1 0.909722 0.143251 0.180556 0.253444
1 0.920833 0.816804 0.158333 0.195592
1 0.062500 0.165289 0.119444 0.225895
1 0.588889 0.081267 0.200000 0.157025
1 0.891667 0.453168 0.216667 0.217631
1 0.045833 0.783747 0.086111 0.217631
1 0.218056 0.823691 0.230556 0.209366
1 0.269444 0.110193 0.238889 0.214876
1 0.130556 0.950413 0.216667 0.099174
1 0.209722 0.385675 0.247222 0.280992
1 0.547222 0.958678 0.244444 0.082645
1 0.662500 0.243802 0.225000 0.217631
1 0.819444 0.648760 0.211111 0.217631
2 0.390278 0.792011 0.091667 0.096419
2 0.772222 0.111570 0.088889 0.085399
2 0.059722 0.305785 0.075000 0.077135
2 0.168056 0.123967 0.091667 0.088154
2 0.695833 0.396694 0.080556 0.093664
0 0.500000 0.512397 0.372222 0.396694
