1 0.101389 0.286501 0.197222 0.198347
1 0.580556 0.914601 0.216667 0.165289
1 0.044444 0.705234 0.083333 0.192837
1 0.718056 0.727273 0.236111 0.269972
1 0.684722 0.103306 0.219444 0.201102
1 0.406944 0.830579 0.230556 0.228650
1 0.097222 0.942149 0.188889 0.115702
1 0.211111 0.719008 0.227778 0.253444
1 0.163889 0.490358 0.250000 0.236915
1 0.956944 0.571625 0.086111 0.250689
1 0.301389 0.968320 0.225000 0.063361
1 0.520833 0.044077 0.247222 0.082645
1 0.312500 0.042700 0.180556 0.079890
1 0.965278 0.895317 0.069444 0.203857
1 0.941667 0.134986 0.116667 0.203857
1 0.977778 0.331956 0.044444 0.179063
0 0.500000 0.516529 0.361111 0.388430
