0 0.283654 0.632212 0.461538 0.370192
1 0.409856 0.195913 0.237981 0.218750
1 0.692308 0.920673 0.230769 0.158654
1 0.126202 0.195913 0.218750 0.175481
1 0.872596 0.223558 0.235577 0.182692
1 0.459135 0.382212 0.259615 0.173077
1 0.957933 0.719952 0.084135 0.180288
1 0.627404 0.131010 0.216346 0.189904
1 0.401442 0.942308 0.245192 0.115385
1 0.842548 0.612981 0.218750 0.163462
1 0.936298 0.936298 0.127404 0.127404
1 0.596154 0.707933 0.235577 0.180288
1 0.716346 0.485577 0.254808 0.206731
2 0.890625 0.780048 0.074519 0.074519
1 0.855769 0.420673 0.158654 0.163462
1 0.490385 0.516827 0.177885 0.163462
1 0.028846 0.401442 0.052885 0.129808
1 0.026442 0.775240 0.048077 0.132212
