1 0.912500 0.409091 0.175000 0.195592
1 0.102778 0.610193 0.200000 0.212121
1 0.116667 0.212121 0.216667 0.269972
1 0.900000 0.085399 0.200000 0.165289
1 0.220833 0.939394 0.219444 0.121212
1 0.831944 0.673554 0.197222 0.261708
1 0.316667 0.081267 0.233333 0.157025
1 0.730556 0.363636 0.194444 0.242424
1 0.170833 0.728650 0.236111 0.212121
1 0.668056 0.136364 0.241667 0.234160
1 0.715278 0.947658 0.202778 0.104683
1 0.958333 0.224518 0.083333 0.184573
1 0.788889 0.885675 0.244444 0.195592
1 0.048611 0.947658 0.091667 0.104683
1 0.345833 0.887052 0.225000 0.209366
1 0.130556 0.045455 0.200000 0.085399
1 0.468056 0.971074 0.247222 0.057851
2 0.865278 0.542700 0.086111 0.088154
1 0.019444 0.776860 0.033333 0.236915
0 0.504167 0.657025 0.458333 0.432507
0 0.401389 0.320937 0.497222 0.426997
