0 0.635817 0.204327 0.473558 0.403846
1 0.381010 0.798077 0.180288 0.221154
1 0.861779 0.890625 0.209135 0.194712
1 0.134615 0.662260 0.182692 0.185096
1 0.894231 0.455529 0.197115 0.199519
1 0.915865 0.258413 0.168269 0.223558
1 0.076923 0.347356 0.149038 0.233173
1 0.253606 0.331731 0.170673 0.221154
1 0.162260 0.805288 0.175481 0.216346
1 0.133413 0.135817 0.209135 0.194712
1 0.635817 0.763221 0.199519 0.237981
1 0.034856 0.832933 0.064904 0.204327
1 0.722356 0.497596 0.180288 0.182692
1 0.871394 0.037260 0.189904 0.069712
1 0.401442 0.632212 0.187500 0.201923
1 0.070913 0.960337 0.137019 0.079327
1 0.362981 0.306490 0.163462 0.218750
1 0.308894 0.614183 0.151442 0.199519
1 0.984375 0.082933 0.031250 0.161058
1 0.283654 0.081731 0.221154 0.158654
1 0.025240 0.087740 0.045673 0.165865
1 0.069712 0.189904 0.134615 0.206731
1 0.598558 0.562500 0.144231 0.187500
1 0.503606 0.412260 0.146635 0.175481
