0 0.551683 0.585337 0.367788 0.449519
1 0.231971 0.752404 0.180288 0.201923
1 0.705529 0.296875 0.223558 0.242788
1 0.627404 0.926683 0.177885 0.146635
1 0.908654 0.855769 0.182692 0.240385
1 0.903846 0.381010 0.192308 0.223558
1 0.948317 0.590144 0.103365 0.218750
1 0.496394 0.097356 0.213942 0.189904
1 0.272837 0.341346 0.189904 0.201923
1 0.069712 0.275240 0.134615 0.233173
1 0.376202 0.764423 0.194712 0.211538
1 0.079327 0.061298 0.153846 0.117788
1 0.173077 0.536058 0.211538 0.230769
1 0.230769 0.150240 0.197115 0.218750
1 0.775240 0.509615 0.165865 0.182692
1 0.128606 0.688702 0.213942 0.218750
1 0.425481 0.301683 0.173077 0.194712
1 0.485577 0.925481 0.235577 0.149038
1 0.085337 0.838942 0.165865 0.245192
1 0.754808 0.060096 0.278846 0.115385
