1 0.044444 0.125344 0.083333 0.239669
1 0.941667 0.250689 0.116667 0.242424
1 0.748611 0.093664 0.225000 0.181818
1 0.322222 0.309917 0.205556 0.234160
1 0.175000 0.060606 0.233333 0.115702
1 0.791667 0.398072 0.222222 0.239669
1 0.237500 0.546832 0.225000 0.239669
1 0.927778 0.545455 0.144444 0.236915
1 0.780556 0.831956 0.238889 0.214876
1 0.172222 0.769972 0.244444 0.223140
1 0.684722 0.658402 0.213889 0.220386
1 0.401389 0.958678 0.230556 0.082645
0 0.502778 0.501377 0.294444 0.286501
1 0.854167 0.760331 0.180556 0.187328
1 0.023611 0.837466 0.041667 0.325069
