1 0.901389 0.900826 0.197222 0.198347
1 0.055556 0.639118 0.105556 0.225895
1 0.866667 0.629477 0.238889 0.239669
1 0.034722 0.359504 0.063889 0.239669
1 0.952778 0.173554 0.094444 0.209366
1 0.862500 0.064738 0.219444 0.123967
1 0.508333 0.811295 0.233333 0.234160
1 0.400000 0.198347 0.227778 0.242424
1 0.197222 0.327824 0.233333 0.247934
1 0.838889 0.380165 0.238889 0.225895
1 0.270833 0.683196 0.225000 0.275482
1 0.231944 0.947658 0.280556 0.104683
1 0.551389 0.971074 0.269444 0.057851
1 0.093056 0.541322 0.180556 0.190083
0 0.504167 0.506887 0.336111 0.308540
