0 0.162260 0.853365 0.305288 0.293269
1 0.842548 0.098558 0.185096 0.192308
1 0.864183 0.866587 0.223558 0.233173
1 0.926683 0.266827 0.146635 0.221154
2 0.835337 0.417067 0.079327 0.079327
1 0.622596 0.530048 0.197115 0.233173
1 0.479567 0.156250 0.189904 0.216346
1 0.100962 0.521635 0.197115 0.221154
1 0.700721 0.661058 0.194712 0.221154
1 0.054087 0.128606 0.103365 0.252404
1 0.364183 0.685096 0.209135 0.230769
1 0.158654 0.606971 0.201923 0.209135
1 0.594952 0.235577 0.228365 0.240385
1 0.031250 0.384615 0.057692 0.206731
1 0.182692 0.277644 0.216346 0.223558
1 0.287260 0.383413 0.175481 0.180288
1 0.612981 0.090144 0.187500 0.175481
1 0.685096 0.864183 0.177885 0.223558
1 0.701923 0.465144 0.206731 0.247596
1 0.371394 0.448317 0.180288 0.204327
1 0.311298 0.116587 0.213942 0.228365
