1 0.926957 0.393913 0.146087 0.266087
1 0.936522 0.767826 0.126957 0.262609
1 0.818261 0.220000 0.252174 0.245217
1 0.427826 0.911304 0.257391 0.177391
1 0.166087 0.796522 0.241739 0.264348
1 0.566957 0.760870 0.236522 0.231304
1 0.100870 0.116522 0.198261 0.229565
1 0.920870 0.112174 0.158261 0.220870
1 0.353043 0.260870 0.306087 0.226087
1 0.680870 0.373913 0.234783 0.337391
1 0.763478 0.873043 0.281739 0.250435
1 0.027826 0.889565 0.052174 0.193043
1 0.106087 0.567826 0.208696 0.231304
1 0.081739 0.441739 0.160000 0.253913
2 0.786957 0.494783 0.088696 0.102609
0 0.471304 0.506087 0.361739 0.389565
