1 0.287826 0.084348 0.217391 0.165217
1 0.086087 0.114783 0.168696 0.226087
1 0.747826 0.293913 0.205217 0.226087
1 0.092174 0.616522 0.180870 0.280000
1 0.396522 0.185217 0.246957 0.217391
1 0.254783 0.796522 0.220870 0.219130
1 0.320000 0.374783 0.194783 0.224348
1 0.806087 0.633913 0.224348 0.220870
1 0.112174 0.353043 0.220870 0.226087
1 0.368696 0.934783 0.222609 0.130435
1 0.059130 0.880000 0.114783 0.212174
1 0.928696 0.196522 0.142609 0.191304
1 0.925217 0.354783 0.146087 0.212174
0 0.515652 0.502609 0.300870 0.361739
1 0.653043 0.046087 0.213913 0.088696
1 0.360870 0.670435 0.172174 0.200000
