0 0.450781 0.359375 0.379688 0.427083
1 0.692969 0.117708 0.160938 0.222917
1 0.272656 0.861458 0.145313 0.202083
1 0.908594 0.854167 0.173437 0.216667
1 0.757812 0.814583 0.178125 0.220833
1 0.422656 0.906250 0.182812 0.183333
1 0.575781 0.706250 0.185938 0.233333
1 0.048438 0.163542 0.093750 0.239583
1 0.150000 0.306250 0.159375 0.204167
1 0.939844 0.590625 0.120313 0.231250
1 0.656250 0.545833 0.178125 0.275000
1 0.826562 0.510417 0.178125 0.220833
2 0.714844 0.336458 0.076563 0.102083
1 0.171875 0.706250 0.168750 0.208333
1 0.140625 0.052083 0.178125 0.100000
1 0.374219 0.086458 0.179688 0.168750
2 0.209375 0.473958 0.062500 0.077083
1 0.671875 0.947917 0.171875 0.104167
1 0.782813 0.031250 0.140625 0.058333
1 0.403906 0.680208 0.167187 0.206250
2 0.832031 0.353125 0.054688 0.072917
1 0.260937 0.170833 0.168750 0.212500
2 0.210156 0.404167 0.060937 0.070833
1 0.553125 0.089583 0.140625 0.175000
1 0.070312 0.942708 0.137500 0.114583
1 0.039844 0.893750 0.076563 0.208333
1 0.959375 0.437500 0.081250 0.195833
1 0.292969 0.655208 0.120313 0.177083
1 0.093750 0.488542 0.131250 0.206250
1 0.041406 0.654167 0.079687 0.220833
