0 0.628906 0.352083 0.332813 0.429167
1 0.346875 0.260417 0.184375 0.225000
1 0.588281 0.613542 0.198437 0.210417
1 0.085156 0.131250 0.167187 0.220833
1 0.355469 0.830208 0.179688 0.206250
1 0.162500 0.873958 0.181250 0.235417
1 0.489063 0.906250 0.203125 0.187500
1 0.894531 0.504167 0.185938 0.233333
1 0.884375 0.881250 0.153125 0.195833
1 0.177344 0.295833 0.185938 0.254167
1 0.296875 0.063542 0.159375 0.122917
1 0.715625 0.769792 0.171875 0.222917
1 0.458594 0.089583 0.173437 0.175000
1 0.304688 0.956250 0.209375 0.087500
1 0.791406 0.147917 0.210938 0.250000
1 0.044531 0.303125 0.085938 0.177083
1 0.654687 0.965625 0.228125 0.068750
1 0.942969 0.128125 0.114062 0.252083
1 0.332031 0.505208 0.189062 0.210417
1 0.363281 0.629167 0.207813 0.200000
1 0.065625 0.716667 0.128125 0.312500
1 0.869531 0.705208 0.173437 0.206250
