1 0.180870 0.070435 0.264348 0.137391
1 0.903478 0.155652 0.193043 0.248696
1 0.932174 0.416522 0.135652 0.234783
1 0.705217 0.186957 0.203478 0.220870
1 0.696522 0.957391 0.252174 0.085217
1 0.131304 0.227826 0.227826 0.240000
1 0.470435 0.054783 0.273043 0.106087
1 0.768696 0.692174 0.201739 0.226087
1 0.064348 0.467826 0.125217 0.219130
1 0.122609 0.582609 0.238261 0.253913
1 0.470435 0.173913 0.245217 0.243478
1 0.371304 0.953043 0.262609 0.093913
1 0.793913 0.826087 0.206957 0.194783
0 0.447826 0.504348 0.516522 0.507826
1 0.382609 0.795652 0.246957 0.210435
1 0.264348 0.860000 0.246957 0.196522
