1 0.900870 0.196522 0.194783 0.240000
1 0.094783 0.737391 0.186087 0.219130
1 0.536522 0.140870 0.255652 0.219130
1 0.843478 0.427826 0.219130 0.222609
1 0.123478 0.309565 0.243478 0.253913
1 0.272174 0.815652 0.203478 0.222609
1 0.243478 0.078261 0.226087 0.153043
1 0.163478 0.539130 0.222609 0.240000
1 0.799130 0.926957 0.255652 0.146087
1 0.583478 0.836522 0.231304 0.302609
1 0.794783 0.679130 0.201739 0.224348
1 0.907826 0.667826 0.184348 0.222609
1 0.066957 0.115652 0.130435 0.227826
0 0.462609 0.493913 0.553043 0.497391
1 0.096522 0.926087 0.189565 0.147826
