0 0.319712 0.467548 0.447115 0.377404
1 0.090144 0.923077 0.175481 0.149038
1 0.442308 0.188702 0.201923 0.156250
1 0.860577 0.163462 0.206731 0.173077
1 0.719952 0.728365 0.276442 0.201923
1 0.925481 0.893029 0.144231 0.175481
1 0.769231 0.873798 0.206731 0.161058
1 0.186298 0.688702 0.209135 0.180288
1 0.661058 0.125000 0.211538 0.144231
1 0.407452 0.683894 0.209135 0.161058
1 0.191106 0.129808 0.213942 0.211538
1 0.039663 0.706731 0.074519 0.163462
1 0.337740 0.942308 0.262019 0.115385
1 0.966346 0.082933 0.067308 0.161058
1 0.954327 0.573317 0.091346 0.170673
1 0.090144 0.122596 0.175481 0.177885
1 0.766827 0.046875 0.240385 0.088942
1 0.546875 0.031250 0.218750 0.057692
1 0.593750 0.594952 0.221154 0.199519
1 0.197115 0.800481 0.254808 0.144231
