1 0.079167 0.325069 0.152778 0.253444
1 0.073611 0.578512 0.141667 0.242424
1 0.391667 0.893939 0.222222 0.206612
1 0.237500 0.717631 0.241667 0.261708
1 0.151389 0.152893 0.241667 0.228650
1 0.829167 0.238292 0.225000 0.250689
1 0.695833 0.913223 0.236111 0.173554
1 0.633333 0.158402 0.227778 0.267218
1 0.856944 0.705234 0.219444 0.253444
1 0.377778 0.081267 0.266667 0.157025
1 0.905556 0.943526 0.188889 0.112948
1 0.655556 0.787879 0.233333 0.236915
1 0.048611 0.918733 0.091667 0.162534
1 0.870833 0.077135 0.258333 0.148760
1 0.201389 0.925620 0.202778 0.148760
1 0.840278 0.471074 0.236111 0.214876
1 0.973611 0.253444 0.052778 0.280992
2 0.972222 0.659780 0.055556 0.085399
1 0.509722 0.027548 0.269444 0.049587
1 0.148611 0.017906 0.252778 0.030303
1 0.466667 0.983471 0.238889 0.033058
0 0.500000 0.497245 0.433333 0.449036
