1 0.494444 0.064738 0.255556 0.123967
1 0.827778 0.411846 0.244444 0.201102
1 0.865278 0.900826 0.208333 0.198347
1 0.440278 0.942149 0.230556 0.115702
1 0.352778 0.750689 0.227778 0.223140
1 0.218056 0.940771 0.180556 0.118457
1 0.750000 0.206612 0.227778 0.214876
1 0.268056 0.461433 0.186111 0.250689
1 0.672222 0.944904 0.211111 0.110193
1 0.456944 0.249311 0.275000 0.201102
1 0.762500 0.663912 0.241667 0.264463
1 0.059722 0.965565 0.113889 0.068871
2 0.472222 0.842975 0.088889 0.082645
0 0.505556 0.511019 0.333333 0.327824
