0 0.550481 0.513221 0.293269 0.406250
1 0.298077 0.466346 0.168269 0.197115
1 0.245192 0.280048 0.197115 0.189904
1 0.239183 0.086538 0.170673 0.163462
1 0.812500 0.954327 0.163462 0.091346
1 0.268029 0.670673 0.199519 0.230769
2 0.173077 0.454327 0.076923 0.076923
1 0.941106 0.445913 0.117788 0.194712
1 0.598558 0.878606 0.211538 0.218750
1 0.875000 0.699519 0.192308 0.177885
1 0.461538 0.800481 0.177885 0.201923
1 0.859375 0.307692 0.170673 0.206731
1 0.381010 0.933894 0.185096 0.132212
1 0.099760 0.817308 0.185096 0.173077
1 0.447115 0.046875 0.144231 0.088942
1 0.655048 0.048077 0.156250 0.091346
1 0.098558 0.051683 0.153846 0.098558
1 0.820913 0.860577 0.165865 0.192308
1 0.228365 0.902644 0.173077 0.185096
1 0.757212 0.144231 0.163462 0.192308
1 0.070913 0.628606 0.137019 0.237981
1 0.760817 0.569712 0.165865 0.192308
1 0.527644 0.192308 0.247596 0.225962
