0 0.486719 0.685417 0.401562 0.475000
1 0.771094 0.097917 0.157812 0.191667
1 0.915625 0.283333 0.156250 0.212500
1 0.126562 0.126042 0.196875 0.210417
1 0.609375 0.336458 0.168750 0.235417
1 0.755469 0.726042 0.154688 0.193750
1 0.378906 0.166667 0.176563 0.191667
1 0.922656 0.059375 0.154688 0.114583
1 0.426563 0.965625 0.181250 0.068750
1 0.108594 0.897917 0.167187 0.204167
1 0.196094 0.880208 0.170313 0.210417
1 0.060156 0.687500 0.117188 0.220833
1 0.808594 0.898958 0.192188 0.197917
1 0.765625 0.415625 0.140625 0.231250
1 0.440625 0.047917 0.156250 0.091667
1 0.185938 0.496875 0.168750 0.202083
1 0.681250 0.966667 0.162500 0.066667
2 0.253906 0.051042 0.054688 0.077083
1 0.813281 0.933333 0.176563 0.133333
1 0.611719 0.040625 0.182812 0.077083
1 0.339062 0.377083 0.162500 0.225000
1 0.060937 0.430208 0.118750 0.197917
1 0.023438 0.240625 0.043750 0.239583
1 0.556250 0.981250 0.175000 0.037500
1 0.867188 0.534375 0.168750 0.218750
1 0.893750 0.626042 0.184375 0.231250
1 0.988281 0.377083 0.023438 0.208333
1 0.233594 0.665625 0.148438 0.177083
1 0.434375 0.365625 0.150000 0.168750
