0 0.280469 0.766667 0.348438 0.420833
1 0.839063 0.640625 0.165625 0.222917
1 0.485156 0.910417 0.157812 0.179167
1 0.775000 0.823958 0.156250 0.185417
1 0.564063 0.701042 0.153125 0.193750
1 0.530469 0.257292 0.157812 0.227083
1 0.086719 0.893750 0.160938 0.200000
1 0.718750 0.214583 0.181250 0.212500
1 0.697656 0.944792 0.164062 0.110417
1 0.913281 0.921875 0.160938 0.156250
1 0.442969 0.507292 0.151562 0.231250
2 0.947656 0.571875 0.067187 0.081250
2 0.733594 0.353125 0.067187 0.089583
1 0.053906 0.656250 0.104688 0.233333
1 0.801562 0.054167 0.178125 0.104167
1 0.283594 0.086458 0.151562 0.168750
2 0.011719 0.038542 0.020313 0.056250
1 0.983594 0.415625 0.032813 0.177083
1 0.040625 0.310417 0.078125 0.216667
1 0.148438 0.522917 0.171875 0.220833
1 0.410156 0.210417 0.135937 0.191667
1 0.958594 0.042708 0.082812 0.081250
1 0.989062 0.651042 0.021875 0.168750
1 0.192969 0.958333 0.170313 0.083333
1 0.210156 0.297917 0.132812 0.170833
1 0.115625 0.189583 0.121875 0.187500
1 0.671875 0.611458 0.168750 0.252083
