0 0.368135 0.527925 0.337191 0.44669
1 0.83019 0.126165 0.170297 0.21732
1 0.53445 0.245079 0.162316 0.226347
1 0.297268 0.841621 0.160341 0.212116
1 0.933598 0.286801 0.132805 0.20362
1 0.827272 0.442174 0.162055 0.219919
1 0.0336373 0.537887 0.0666698 0.223185
1 0.595122 0.960373 0.155529 0.0772969
1 0.622754 0.0740474 0.152757 0.148095
1 0.776257 0.333925 0.176145 0.202286
1 0.39529 0.953814 0.180427 0.0923729
1 0.709016 0.636152 0.18152 0.271107
1 0.098298 0.899128 0.178222 0.195681
1 0.953762 0.884766 0.0924764 0.209131
1 0.161105 0.179488 0.195286 0.216985
1 0.361508 0.1335 0.190858 0.205006
1 0.124635 0.392201 0.153742 0.199604
1 0.0160694 0.236702 0.0296661 0.177475
1 0.167047 0.748239 0.130803 0.227763
1 0.405446 0.0626726 0.161576 0.124854
1 0.190027 0.0273572 0.183908 0.0547144
1 0.783023 0.866533 0.189523 0.232001
