1 0.212500 0.280992 0.191667 0.198347
1 0.830556 0.158402 0.200000 0.217631
1 0.966667 0.129477 0.066667 0.198347
1 0.929167 0.320937 0.141667 0.195592
1 0.179167 0.491736 0.180556 0.195592
1 0.959722 0.702479 0.080556 0.225895
1 0.222222 0.680441 0.205556 0.203857
1 0.386111 0.856749 0.233333 0.209366
1 0.781944 0.370523 0.225000 0.223140
1 0.172222 0.053719 0.194444 0.101928
1 0.058333 0.758953 0.111111 0.217631
1 0.765278 0.017906 0.236111 0.030303
1 0.090278 0.677686 0.175000 0.148760
0 0.506944 0.501377 0.402778 0.391185
