0 0.445312 0.622917 0.387500 0.458333
1 0.351562 0.200000 0.165625 0.204167
1 0.172656 0.839583 0.164062 0.216667
1 0.937500 0.909375 0.121875 0.160417
1 0.828906 0.772917 0.167187 0.208333
1 0.156250 0.700000 0.134375 0.166667
1 0.042188 0.372917 0.081250 0.187500
1 0.961719 0.141667 0.076563 0.200000
1 0.961719 0.340625 0.076563 0.185417
1 0.531250 0.207292 0.156250 0.197917
1 0.810937 0.146875 0.162500 0.218750
1 0.184375 0.101042 0.187500 0.197917
1 0.332813 0.888542 0.187500 0.210417
1 0.360938 0.045833 0.143750 0.087500
1 0.761719 0.493750 0.164062 0.195833
1 0.028125 0.934375 0.053125 0.131250
1 0.514062 0.958333 0.150000 0.083333
1 0.518750 0.062500 0.171875 0.120833
1 0.620313 0.190625 0.143750 0.189583
1 0.903906 0.032292 0.154688 0.060417
1 0.673438 0.558333 0.153125 0.216667
1 0.648438 0.792708 0.165625 0.189583
1 0.904687 0.566667 0.190625 0.216667
1 0.228125 0.406250 0.184375 0.258333
1 0.717969 0.084375 0.142187 0.135417
1 0.042969 0.726042 0.082812 0.206250
