1 0.833333 0.393939 0.183333 0.225895
1 0.161111 0.447658 0.194444 0.201102
1 0.936111 0.834711 0.127778 0.209366
1 0.401389 0.245179 0.197222 0.203857
1 0.501389 0.068871 0.219444 0.132231
1 0.602778 0.227273 0.200000 0.184573
1 0.369444 0.917355 0.205556 0.165289
1 0.705556 0.037190 0.200000 0.068871
1 0.030556 0.242424 0.055556 0.181818
1 0.023611 0.446281 0.041667 0.192837
1 0.131944 0.975207 0.219444 0.049587
1 0.979167 0.404959 0.041667 0.247934
1 0.561111 0.976584 0.222222 0.046832
1 0.169444 0.676309 0.177778 0.223140
1 0.277778 0.688705 0.177778 0.203857
1 0.791667 0.986226 0.233333 0.027548
0 0.501389 0.519284 0.375000 0.377410
