1 0.908333 0.389807 0.183333 0.223140
1 0.540278 0.210744 0.219444 0.212121
1 0.855556 0.052342 0.216667 0.099174
1 0.054167 0.844353 0.102778 0.239669
1 0.086111 0.119835 0.166667 0.228650
1 0.501389 0.928375 0.258333 0.143251
1 0.756944 0.520661 0.186111 0.225895
1 0.737500 0.856749 0.241667 0.247934
1 0.575000 0.750689 0.266667 0.223140
1 0.147222 0.353994 0.222222 0.212121
1 0.602778 0.042700 0.250000 0.079890
1 0.293056 0.187328 0.230556 0.220386
1 0.880556 0.929752 0.238889 0.134986
1 0.840278 0.246556 0.241667 0.245179
2 0.334722 0.033058 0.097222 0.060606
1 0.333333 0.975207 0.222222 0.049587
0 0.502778 0.501377 0.333333 0.369146
