0 0.311298 0.796875 0.367788 0.401442
1 0.222356 0.543269 0.180288 0.206731
1 0.911058 0.405048 0.177885 0.228365
1 0.161058 0.164663 0.221154 0.209135
1 0.834135 0.725962 0.187500 0.216346
1 0.784856 0.913462 0.194712 0.173077
1 0.853365 0.179087 0.245192 0.247596
1 0.935096 0.856971 0.129808 0.257212
1 0.692308 0.586538 0.177885 0.173077
1 0.134615 0.359375 0.182692 0.213942
2 0.578125 0.492788 0.117788 0.081731
1 0.465144 0.292067 0.213942 0.242788
1 0.061298 0.912260 0.117788 0.175481
1 0.332933 0.492788 0.194712 0.211538
1 0.062500 0.516827 0.120192 0.254808
1 0.098558 0.959135 0.177885 0.081731
1 0.768029 0.364183 0.185096 0.218750
1 0.310096 0.280048 0.158654 0.122596
1 0.586538 0.319712 0.149038 0.192308
