1 0.588696 0.920870 0.234783 0.154783
1 0.919130 0.066087 0.161739 0.128696
1 0.957391 0.435652 0.085217 0.255652
1 0.080870 0.338261 0.158261 0.241739
1 0.565217 0.140000 0.222609 0.227826
1 0.184348 0.162609 0.236522 0.238261
1 0.118261 0.807826 0.222609 0.241739
1 0.041739 0.092174 0.080000 0.180870
1 0.282609 0.962609 0.245217 0.074783
1 0.085217 0.526957 0.166957 0.243478
1 0.958261 0.180870 0.083478 0.246957
1 0.823478 0.830435 0.224348 0.217391
1 0.888696 0.971304 0.222609 0.057391
1 0.392174 0.048696 0.241739 0.093913
1 0.775652 0.470435 0.233043 0.266087
1 0.965217 0.821739 0.069565 0.269565
1 0.175652 0.028696 0.233043 0.053913
1 0.600000 0.801739 0.226087 0.219130
1 0.395652 0.829565 0.200000 0.226087
1 0.842609 0.568696 0.213913 0.233043
0 0.398261 0.497391 0.507826 0.546087
