1 0.097222 0.194215 0.188889 0.223140
1 0.866667 0.172176 0.255556 0.217631
1 0.227778 0.195592 0.188889 0.225895
1 0.843056 0.535813 0.202778 0.289256
1 0.468056 0.130854 0.225000 0.228650
1 0.904167 0.778237 0.191667 0.250689
1 0.969444 0.505510 0.061111 0.261708
1 0.711111 0.943526 0.227778 0.112948
1 0.704167 0.769972 0.230556 0.250689
1 0.366667 0.878788 0.222222 0.242424
1 0.686111 0.082645 0.244444 0.159780
1 0.218056 0.699725 0.258333 0.253444
1 0.251389 0.461433 0.191667 0.223140
1 0.688889 0.253444 0.205556 0.247934
1 0.911111 0.929752 0.177778 0.140496
1 0.826389 0.026171 0.230556 0.046832
1 0.894444 0.300275 0.211111 0.176309
1 0.980556 0.081267 0.038889 0.157025
1 0.565278 0.913223 0.202778 0.173554
1 0.151389 0.878788 0.225000 0.137741
1 0.141667 0.946281 0.227778 0.107438
0 0.477778 0.501377 0.511111 0.600551
0 0.075000 0.491736 0.144444 0.349862
