1 0.827778 0.728650 0.188889 0.212121
1 0.063889 0.491736 0.122222 0.184573
1 0.216667 0.041322 0.250000 0.077135
1 0.933333 0.849862 0.133333 0.212121
1 0.754167 0.079890 0.175000 0.154270
1 0.922222 0.104683 0.155556 0.203857
1 0.054167 0.871901 0.102778 0.217631
1 0.162500 0.960055 0.219444 0.079890
1 0.523611 0.216253 0.208333 0.223140
1 0.958333 0.318182 0.083333 0.212121
0 0.504167 0.500000 0.280556 0.272727
1 0.036111 0.690083 0.066667 0.184573
1 0.823611 0.429752 0.236111 0.253444
1 0.559722 0.736915 0.186111 0.201102
1 0.534722 0.931129 0.252778 0.137741
1 0.372222 0.774105 0.238889 0.231405
1 0.034722 0.108815 0.063889 0.212121
1 0.725000 0.584022 0.216667 0.187328
1 0.658333 0.707989 0.150000 0.176309
1 0.101389 0.283747 0.197222 0.225895
1 0.227778 0.447658 0.211111 0.239669
1 0.280556 0.238292 0.161111 0.179063
1 0.052778 0.305785 0.100000 0.192837
1 0.359722 0.271350 0.136111 0.184573
