1 0.334722 0.907713 0.197222 0.184573
1 0.931944 0.252066 0.136111 0.223140
1 0.904167 0.955923 0.191667 0.088154
1 0.750000 0.101928 0.188889 0.198347
1 0.081944 0.179063 0.158333 0.220386
1 0.844444 0.803030 0.216667 0.212121
1 0.656944 0.272727 0.230556 0.225895
1 0.513889 0.961433 0.227778 0.077135
1 0.183333 0.764463 0.227778 0.217631
1 0.702778 0.674931 0.227778 0.231405
1 0.040278 0.629477 0.075000 0.195592
1 0.122222 0.951791 0.233333 0.096419
1 0.426389 0.179063 0.219444 0.203857
1 0.848611 0.082645 0.180556 0.159780
0 0.500000 0.505510 0.338889 0.360882
