1 0.927778 0.123967 0.144444 0.220386
1 0.913889 0.712121 0.172222 0.228650
1 0.087500 0.760331 0.169444 0.242424
1 0.811111 0.921488 0.222222 0.151515
1 0.593056 0.858127 0.225000 0.239669
1 0.331944 0.805785 0.247222 0.212121
1 0.134722 0.214876 0.202778 0.247934
1 0.498611 0.085399 0.219444 0.165289
1 0.025000 0.307163 0.044444 0.261708
1 0.713889 0.111570 0.227778 0.157025
0 0.497222 0.611570 0.266667 0.264463
1 0.288889 0.103306 0.183333 0.201102
1 0.979167 0.382920 0.041667 0.242424
1 0.743056 0.045455 0.236111 0.085399
1 0.720833 0.636364 0.191667 0.225895
0 0.762500 0.388430 0.380556 0.385675
