1 0.290278 0.236915 0.191667 0.203857
1 0.725000 0.077135 0.188889 0.148760
1 0.916667 0.056474 0.166667 0.107438
1 0.929167 0.494490 0.141667 0.190083
1 0.305556 0.915978 0.227778 0.168044
1 0.906944 0.690083 0.175000 0.179063
1 0.095833 0.194215 0.186111 0.206612
1 0.097222 0.878788 0.188889 0.236915
1 0.788889 0.388430 0.211111 0.220386
1 0.886111 0.911846 0.227778 0.176309
1 0.561111 0.163912 0.244444 0.234160
1 0.438889 0.045455 0.250000 0.085399
1 0.040278 0.073003 0.075000 0.140496
1 0.197222 0.665289 0.238889 0.195592
1 0.729167 0.756198 0.219444 0.212121
1 0.130556 0.400826 0.255556 0.184573
1 0.195833 0.039945 0.225000 0.074380
1 0.391667 0.798898 0.250000 0.198347
2 0.188889 0.517906 0.100000 0.104683
2 0.697222 0.243802 0.077778 0.074380
0 0.498611 0.546832 0.380556 0.377410
