0 0.283654 0.788462 0.423077 0.423077
1 0.652644 0.087740 0.209135 0.170673
1 0.460337 0.094952 0.189904 0.185096
1 0.257212 0.081731 0.216346 0.158654
1 0.200721 0.281250 0.170673 0.206731
1 0.850962 0.474760 0.221154 0.247596
1 0.510817 0.900240 0.161058 0.199519
1 0.472356 0.329327 0.257212 0.240385
1 0.661058 0.804087 0.221154 0.262019
1 0.975962 0.373798 0.048077 0.204327
1 0.350962 0.419471 0.182692 0.170673
1 0.513221 0.587740 0.204327 0.237981
1 0.927885 0.926683 0.144231 0.146635
1 0.983173 0.765625 0.033654 0.209135
1 0.861779 0.044471 0.161058 0.084135
1 0.492788 0.973558 0.182692 0.052885
1 0.972356 0.146635 0.055288 0.254808
1 0.109375 0.385817 0.175481 0.247596
1 0.712740 0.314904 0.223558 0.206731
