0 0.500000 0.581731 0.206731 0.317308
1 0.360577 0.072115 0.211538 0.139423
1 0.831731 0.250000 0.225962 0.221154
1 0.288462 0.923077 0.173077 0.153846
1 0.685096 0.473558 0.177885 0.225962
1 0.949519 0.893029 0.100962 0.213942
1 0.526442 0.152644 0.192308 0.199519
1 0.951923 0.120192 0.096154 0.235577
1 0.092548 0.877404 0.180288 0.211538
1 0.657452 0.705529 0.151442 0.175481
1 0.116587 0.126202 0.189904 0.204327
1 0.824519 0.774038 0.187500 0.225962
1 0.298077 0.453125 0.158654 0.170673
1 0.968750 0.344952 0.062500 0.223558
1 0.137019 0.776442 0.163462 0.182692
1 0.450721 0.329327 0.204327 0.197115
1 0.538462 0.042067 0.163462 0.079327
1 0.072115 0.524038 0.139423 0.197115
1 0.025240 0.727163 0.045673 0.170673
1 0.334135 0.241587 0.201923 0.237981
1 0.849760 0.572115 0.180288 0.206731
1 0.469952 0.979567 0.194712 0.040865
1 0.233173 0.557692 0.187500 0.201923
1 0.594952 0.890625 0.180288 0.218750
1 0.110577 0.328125 0.163462 0.209135
