1 0.950435 0.716522 0.099130 0.267826
1 0.913043 0.918261 0.170435 0.163478
1 0.266957 0.298261 0.266087 0.259130
1 0.115652 0.482609 0.227826 0.328696
1 0.081739 0.900000 0.160000 0.196522
1 0.863478 0.394783 0.193043 0.250435
1 0.359130 0.098261 0.224348 0.193043
1 0.432174 0.917391 0.300870 0.165217
1 0.702609 0.925217 0.267826 0.149565
1 0.744348 0.274783 0.281739 0.233043
1 0.562609 0.027826 0.259130 0.052174
1 0.456522 0.142609 0.259130 0.274783
1 0.056522 0.141739 0.109565 0.245217
1 0.154783 0.739130 0.240000 0.229565
0 0.481739 0.546087 0.413913 0.539130
1 0.088696 0.067826 0.173913 0.132174
1 0.220870 0.846087 0.208696 0.245217
1 0.933913 0.389565 0.132174 0.212174
