1 0.079167 0.911846 0.152778 0.176309
1 0.672222 0.230028 0.194444 0.217631
1 0.211111 0.557851 0.200000 0.206612
1 0.069444 0.196970 0.133333 0.217631
1 0.859722 0.417355 0.213889 0.195592
1 0.831944 0.774105 0.186111 0.165289
1 0.356944 0.929752 0.191667 0.140496
1 0.963889 0.747934 0.072222 0.206612
1 0.490278 0.103306 0.225000 0.201102
1 0.948611 0.928375 0.102778 0.143251
1 0.061111 0.428375 0.116667 0.212121
1 0.034722 0.679063 0.063889 0.234160
1 0.798611 0.935262 0.202778 0.129477
1 0.361111 0.728650 0.166667 0.234160
1 0.168056 0.134986 0.230556 0.214876
1 0.963889 0.527548 0.072222 0.217631
1 0.175000 0.761708 0.211111 0.212121
1 0.220833 0.347107 0.225000 0.209366
1 0.687500 0.895317 0.180556 0.203857
1 0.888889 0.144628 0.222222 0.256198
1 0.577778 0.752066 0.233333 0.236915
1 0.726389 0.582645 0.197222 0.223140
1 0.656944 0.031680 0.219444 0.057851
2 0.811111 0.651515 0.088889 0.090909
0 0.498611 0.469697 0.386111 0.360882
