1 0.819130 0.230435 0.191304 0.245217
1 0.746087 0.643478 0.215652 0.267826
1 0.913913 0.793043 0.168696 0.264348
1 0.960870 0.213913 0.078261 0.292174
1 0.186087 0.881739 0.274783 0.236522
1 0.950435 0.531304 0.099130 0.245217
1 0.232174 0.219130 0.241739 0.236522
1 0.496522 0.093913 0.227826 0.184348
1 0.086957 0.716522 0.170435 0.257391
1 0.715652 0.075652 0.217391 0.147826
1 0.118261 0.446087 0.233043 0.238261
1 0.575652 0.260870 0.281739 0.201739
1 0.443478 0.778261 0.271304 0.210435
1 0.619130 0.901739 0.250435 0.196522
0 0.494783 0.511304 0.346087 0.330435
1 0.049565 0.229565 0.095652 0.233043
1 0.350435 0.041739 0.227826 0.080000
