0 0.474760 0.417067 0.271635 0.449519
1 0.841346 0.570913 0.192308 0.199519
1 0.876202 0.365385 0.199519 0.221154
0 0.097356 0.662260 0.189904 0.223558
1 0.376202 0.074519 0.170673 0.144231
1 0.118990 0.221154 0.185096 0.235577
1 0.812500 0.085337 0.168269 0.165865
1 0.429087 0.728365 0.161058 0.173077
1 0.646635 0.685096 0.192308 0.177885
2 0.756010 0.260817 0.079327 0.093750
1 0.197115 0.055288 0.182692 0.105769
1 0.573317 0.126202 0.189904 0.242788
1 0.646635 0.897837 0.182692 0.204327
1 0.808894 0.813702 0.151442 0.218750
1 0.069712 0.456731 0.129808 0.144231
1 0.314904 0.237981 0.177885 0.192308
1 0.941106 0.811298 0.117788 0.237981
0 0.026442 0.828125 0.048077 0.175481
1 0.200721 0.953125 0.165865 0.093750
1 0.665865 0.467548 0.129808 0.213942
