1 0.093056 0.570248 0.180556 0.209366
1 0.709722 0.070248 0.225000 0.134986
1 0.043056 0.772727 0.080556 0.234160
1 0.893056 0.925620 0.208333 0.148760
1 0.938889 0.061983 0.122222 0.118457
1 0.850000 0.535813 0.244444 0.261708
1 0.106944 0.955923 0.208333 0.088154
1 0.247222 0.752066 0.211111 0.264463
1 0.877778 0.192837 0.227778 0.247934
1 0.058333 0.275482 0.111111 0.220386
1 0.163889 0.378788 0.233333 0.234160
1 0.076389 0.038567 0.147222 0.071625
1 0.423611 0.122590 0.258333 0.239669
1 0.973611 0.674931 0.052778 0.247934
1 0.455556 0.760331 0.216667 0.176309
1 0.558333 0.849862 0.238889 0.239669
0 0.502778 0.497245 0.400000 0.404959
