1 0.202778 0.752066 0.183333 0.198347
1 0.206944 0.943526 0.247222 0.107438
1 0.937500 0.534435 0.125000 0.231405
1 0.861111 0.921488 0.227778 0.157025
1 0.104167 0.534435 0.202778 0.242424
1 0.602778 0.092287 0.227778 0.179063
1 0.047222 0.815427 0.088889 0.242424
1 0.668056 0.884298 0.213889 0.225895
1 0.355556 0.085399 0.255556 0.165289
1 0.962500 0.173554 0.075000 0.203857
1 0.798611 0.042700 0.213889 0.079890
1 0.487500 0.929752 0.230556 0.140496
1 0.144444 0.155647 0.205556 0.239669
1 0.715278 0.293388 0.236111 0.234160
1 0.075000 0.033058 0.144444 0.060606
1 0.245833 0.429752 0.252778 0.242424
1 0.394444 0.815427 0.211111 0.225895
1 0.276389 0.228650 0.252778 0.176309
1 0.965278 0.028926 0.069444 0.052342
0 0.508333 0.563361 0.427778 0.471074
