1 0.843056 0.903581 0.197222 0.192837
1 0.643056 0.949036 0.225000 0.101928
1 0.345833 0.786501 0.208333 0.250689
1 0.163889 0.896694 0.222222 0.206612
1 0.797222 0.534435 0.188889 0.247934
1 0.186111 0.469697 0.211111 0.212121
1 0.040278 0.807163 0.075000 0.231405
1 0.825000 0.309917 0.227778 0.201102
1 0.381944 0.106061 0.213889 0.206612
1 0.908333 0.243802 0.183333 0.195592
1 0.040278 0.550964 0.075000 0.314050
1 0.151389 0.219008 0.236111 0.206612
2 0.554167 0.841598 0.080556 0.079890
1 0.981944 0.473829 0.036111 0.225895
1 0.486111 0.057851 0.261111 0.110193
1 0.106944 0.134986 0.208333 0.187328
0 0.502778 0.504132 0.350000 0.435262
