1 0.123438 0.083333 0.146875 0.162500
1 0.103906 0.860417 0.157812 0.212500
0 0.408594 0.784375 0.392188 0.431250
1 0.705469 0.237500 0.154688 0.208333
1 0.584375 0.451042 0.187500 0.247917
1 0.863281 0.322917 0.192188 0.250000
1 0.415625 0.187500 0.150000 0.200000
1 0.737500 0.626042 0.193750 0.222917
1 0.299219 0.528125 0.173437 0.210417
1 0.515625 0.319792 0.150000 0.189583
1 0.850781 0.092708 0.173437 0.181250
1 0.775000 0.839583 0.175000 0.204167
1 0.583594 0.081250 0.173437 0.158333
1 0.962500 0.444792 0.075000 0.222917
1 0.935156 0.841667 0.129688 0.208333
1 0.292969 0.044792 0.139063 0.085417
1 0.289844 0.207292 0.160938 0.231250
1 0.039844 0.503125 0.076563 0.231250
1 0.437500 0.032292 0.140625 0.060417
1 0.033594 0.776042 0.064062 0.193750
1 0.977344 0.105208 0.045312 0.206250
1 0.606250 0.856250 0.165625 0.233333
1 0.771875 0.745833 0.190625 0.137500
1 0.160938 0.396875 0.215625 0.172917
