0 0.616406 0.667708 0.307812 0.381250
1 0.467969 0.097917 0.157812 0.191667
1 0.160938 0.878125 0.171875 0.227083
1 0.296094 0.315625 0.154688 0.197917
1 0.910156 0.753125 0.164062 0.202083
1 0.949219 0.105208 0.101562 0.193750
1 0.221094 0.123958 0.182812 0.222917
1 0.057813 0.763542 0.112500 0.235417
1 0.393750 0.810417 0.153125 0.187500
1 0.927344 0.320833 0.135937 0.191667
1 0.415625 0.964583 0.162500 0.070833
1 0.066406 0.937500 0.129688 0.125000
1 0.377344 0.681250 0.157812 0.208333
1 0.139844 0.322917 0.182812 0.179167
1 0.269531 0.523958 0.176563 0.247917
1 0.635938 0.360417 0.225000 0.204167
1 0.039844 0.230208 0.076563 0.206250
1 0.052344 0.470833 0.101562 0.229167
1 0.651563 0.140625 0.162500 0.222917
1 0.789844 0.232292 0.114062 0.260417
1 0.825781 0.916667 0.151562 0.166667
1 0.955469 0.459375 0.089063 0.185417
