1 0.900240 0.810096 0.189904 0.211538
1 0.394231 0.149038 0.168269 0.201923
0 0.776442 0.295673 0.216346 0.278846
1 0.639423 0.104567 0.192308 0.204327
1 0.932692 0.086538 0.129808 0.168269
1 0.294471 0.947115 0.199519 0.105769
1 0.182692 0.253606 0.187500 0.247596
1 0.375000 0.465144 0.182692 0.204327
1 0.043269 0.106971 0.081731 0.209135
1 0.278846 0.054087 0.168269 0.103365
1 0.061298 0.371394 0.117788 0.189904
1 0.564904 0.668269 0.192308 0.216346
1 0.138221 0.947115 0.213942 0.105769
1 0.054087 0.805288 0.103365 0.235577
1 0.079327 0.532452 0.153846 0.209135
1 0.909856 0.668269 0.175481 0.182692
1 0.951923 0.460337 0.096154 0.223558
1 0.469952 0.127404 0.156250 0.201923
1 0.251202 0.723558 0.223558 0.264423
1 0.543269 0.347356 0.182692 0.266827
1 0.120192 0.593750 0.149038 0.206731
1 0.228365 0.480769 0.144231 0.206731
1 0.533654 0.908654 0.120192 0.182692
1 0.602163 0.772837 0.161058 0.127404
1 0.396635 0.697115 0.158654 0.245192
