1 0.236522 0.188696 0.212174 0.206957
1 0.058261 0.098261 0.113043 0.193043
1 0.332174 0.778261 0.215652 0.252174
1 0.886087 0.946087 0.227826 0.107826
1 0.066957 0.307826 0.130435 0.212174
1 0.156522 0.947826 0.226087 0.104348
1 0.525217 0.167826 0.271304 0.213913
1 0.909565 0.753043 0.180870 0.240000
1 0.053913 0.835652 0.104348 0.220870
1 0.730435 0.059130 0.288696 0.114783
1 0.932174 0.160870 0.135652 0.259130
1 0.947826 0.302609 0.104348 0.274783
0 0.481739 0.498261 0.500870 0.478261
1 0.568696 0.830435 0.208696 0.224348
1 0.693043 0.813043 0.231304 0.231304
1 0.774783 0.728696 0.179130 0.215652
