0 0.671279 0.427669 0.347324 0.418433
1 0.722166 0.889386 0.198195 0.191062
1 0.0834799 0.268693 0.16696 0.193532
1 0.105798 0.629079 0.193412 0.193973
1 0.33705 0.397686 0.186575 0.22295
1 0.881025 0.616903 0.19697 0.201756
1 0.312122 0.763875 0.227941 0.229333
1 0.504051 0.723209 0.169098 0.241433
1 0.449235 0.927861 0.183191 0.144278
1 0.180029 0.0885622 0.162808 0.177031
1 0.0878338 0.453096 0.17547 0.189176
1 0.856534 0.182663 0.165401 0.245003
1 0.0997301 0.814297 0.190068 0.228797
1 0.688595 0.711166 0.173033 0.162878
1 0.257335 0.199111 0.179251 0.189713
1 0.367425 0.0618915 0.199061 0.118557
1 0.696808 0.1653 0.178166 0.1574
1 0.962477 0.102002 0.075046 0.204003
1 0.453904 0.35584 0.181458 0.236625
2 0.0197892 0.792386 0.0374725 0.0664277
1 0.551905 0.0882174 0.175585 0.176435
2 0.578899 0.88355 0.0795445 0.109608
1 0.79872 0.0408986 0.175644 0.0817973
1 0.960667 0.923599 0.078666 0.152801
1 0.558728 0.111972 0.194378 0.223944
1 0.180237 0.291893 0.184809 0.209542
1 0.0476428 0.031117 0.094085 0.0622341
