1 0.070833 0.359504 0.136111 0.184573
1 0.858333 0.836088 0.211111 0.195592
1 0.784722 0.571625 0.197222 0.201102
1 0.755556 0.068871 0.227778 0.132231
1 0.651389 0.742424 0.213889 0.206612
1 0.209722 0.530303 0.180556 0.217631
1 0.944444 0.500000 0.111111 0.217631
1 0.938889 0.081267 0.122222 0.157025
1 0.436111 0.088154 0.244444 0.170799
1 0.955556 0.289256 0.088889 0.192837
1 0.386111 0.739669 0.205556 0.239669
1 0.212500 0.188705 0.230556 0.195592
1 0.144444 0.742424 0.244444 0.184573
2 0.056944 0.100551 0.097222 0.096419
1 0.795833 0.363636 0.202778 0.198347
1 0.033333 0.582645 0.061111 0.250689
1 0.623611 0.951791 0.219444 0.096419
1 0.530556 0.913223 0.205556 0.168044
1 0.918056 0.971074 0.163889 0.057851
1 0.243056 0.400826 0.202778 0.201102
1 0.034722 0.932507 0.063889 0.134986
1 0.516667 0.033058 0.211111 0.060606
0 0.518056 0.462810 0.330556 0.391185
