1 0.936111 0.630854 0.127778 0.203857
1 0.754167 0.092287 0.208333 0.179063
1 0.151389 0.534435 0.236111 0.231405
1 0.137500 0.073003 0.247222 0.140496
1 0.675000 0.961433 0.227778 0.077135
1 0.390278 0.950413 0.208333 0.099174
1 0.848611 0.286501 0.225000 0.220386
1 0.136111 0.779614 0.227778 0.231405
1 0.613889 0.834711 0.244444 0.203857
1 0.033333 0.440771 0.061111 0.231405
1 0.931944 0.048209 0.136111 0.090909
1 0.248611 0.268595 0.236111 0.217631
1 0.726389 0.739669 0.225000 0.162534
1 0.034722 0.900826 0.063889 0.192837
1 0.397222 0.185950 0.188889 0.184573
1 0.975000 0.428375 0.050000 0.201102
2 0.779167 0.853994 0.091667 0.066116
1 0.890278 0.893939 0.186111 0.201102
1 0.986111 0.816804 0.027778 0.201102
1 0.015278 0.123967 0.025000 0.209366
0 0.500000 0.502755 0.433333 0.449036
