0 0.357031 0.702083 0.314063 0.458333
1 0.632031 0.535417 0.167187 0.220833
1 0.705469 0.788542 0.185938 0.214583
1 0.855469 0.943750 0.145313 0.112500
1 0.583594 0.295833 0.126562 0.225000
1 0.162500 0.915625 0.181250 0.168750
1 0.042188 0.122917 0.081250 0.195833
1 0.896875 0.429167 0.146875 0.195833
1 0.031250 0.909375 0.059375 0.177083
1 0.864844 0.771875 0.154688 0.181250
1 0.817187 0.653125 0.178125 0.206250
1 0.942969 0.218750 0.107813 0.204167
1 0.209375 0.031250 0.143750 0.058333
2 0.072656 0.694792 0.076563 0.102083
1 0.135937 0.656250 0.153125 0.208333
1 0.353125 0.362500 0.171875 0.170833
1 0.930469 0.043750 0.139063 0.083333
1 0.974219 0.611458 0.051562 0.189583
1 0.380469 0.070833 0.148438 0.137500
1 0.655469 0.120833 0.154688 0.220833
1 0.085938 0.320833 0.168750 0.229167
1 0.427344 0.980208 0.182812 0.039583
1 0.197656 0.466667 0.139063 0.175000
1 0.475781 0.266667 0.095312 0.262500
2 0.428125 0.239583 0.059375 0.066667
1 0.706250 0.301042 0.103125 0.214583
1 0.781250 0.305208 0.093750 0.177083
1 0.839063 0.200000 0.109375 0.158333
