0 0.810156 0.654167 0.301563 0.387500
1 0.932813 0.425000 0.134375 0.195833
1 0.346094 0.591667 0.170313 0.220833
1 0.142187 0.517708 0.187500 0.243750
1 0.034375 0.315625 0.065625 0.214583
1 0.750000 0.959375 0.150000 0.081250
1 0.486719 0.110417 0.176563 0.212500
1 0.759375 0.041667 0.165625 0.079167
1 0.775781 0.311458 0.148438 0.193750
1 0.282031 0.812500 0.157812 0.208333
1 0.159375 0.739583 0.159375 0.204167
1 0.539062 0.828125 0.165625 0.202083
1 0.932031 0.898958 0.135937 0.202083
1 0.211719 0.210417 0.192188 0.245833
1 0.639844 0.883333 0.167187 0.212500
1 0.052344 0.806250 0.101562 0.241667
1 0.661719 0.190625 0.160938 0.214583
1 0.527344 0.698958 0.164062 0.210417
1 0.314844 0.119792 0.154688 0.206250
1 0.638281 0.294792 0.160938 0.193750
1 0.321094 0.385417 0.185938 0.183333
1 0.438281 0.325000 0.164062 0.258333
1 0.592969 0.490625 0.160938 0.202083
1 0.368750 0.944792 0.193750 0.110417
