0 0.307692 0.219952 0.413462 0.435096
1 0.795673 0.299279 0.182692 0.213942
1 0.602163 0.941106 0.175481 0.117788
1 0.715144 0.888221 0.189904 0.209135
1 0.534856 0.057692 0.170673 0.110577
1 0.718750 0.628606 0.201923 0.237981
1 0.049279 0.859375 0.093750 0.175481
1 0.953125 0.697115 0.093750 0.235577
1 0.052885 0.216346 0.100962 0.230769
1 0.362981 0.682692 0.168269 0.211538
1 0.097356 0.655048 0.189904 0.209135
1 0.590144 0.243990 0.223558 0.237981
1 0.300481 0.899038 0.163462 0.182692
1 0.447115 0.802885 0.197115 0.206731
1 0.040865 0.454327 0.076923 0.201923
1 0.129808 0.939904 0.158654 0.120192
1 0.861779 0.103365 0.209135 0.182692
1 0.461538 0.525240 0.182692 0.204327
1 0.931490 0.341346 0.132212 0.225962
2 0.084135 0.514423 0.062500 0.062500
2 0.957933 0.854567 0.069712 0.074519
1 0.260817 0.812500 0.156250 0.197115
1 0.016827 0.068510 0.028846 0.132212
1 0.683894 0.096154 0.185096 0.187500
1 0.634615 0.415865 0.158654 0.221154
1 0.132212 0.396635 0.134615 0.134615
1 0.181490 0.512019 0.132212 0.158654
