1 0.912500 0.380165 0.175000 0.214876
1 0.500000 0.837466 0.211111 0.220386
1 0.936111 0.093664 0.127778 0.181818
1 0.826389 0.221763 0.241667 0.206612
1 0.768056 0.898072 0.197222 0.203857
1 0.352778 0.216253 0.200000 0.234160
1 0.281944 0.793388 0.197222 0.236915
1 0.163889 0.623967 0.227778 0.212121
1 0.834722 0.564738 0.241667 0.231405
1 0.563889 0.181818 0.211111 0.242424
1 0.113889 0.975207 0.222222 0.049587
1 0.669444 0.706612 0.250000 0.228650
1 0.351389 0.973829 0.219444 0.052342
2 0.400000 0.716253 0.072222 0.071625
0 0.498611 0.500000 0.319444 0.333333
