1 0.734722 0.672176 0.202778 0.225895
1 0.755556 0.367769 0.183333 0.184573
1 0.812500 0.099174 0.219444 0.192837
1 0.915278 0.560606 0.169444 0.217631
1 0.109722 0.753444 0.213889 0.223140
1 0.477778 0.084022 0.227778 0.162534
1 0.686111 0.898072 0.233333 0.203857
1 0.097222 0.519284 0.188889 0.217631
1 0.369444 0.928375 0.233333 0.137741
1 0.350000 0.746556 0.238889 0.203857
1 0.636111 0.209366 0.227778 0.214876
1 0.183333 0.146006 0.216667 0.220386
0 0.502778 0.504132 0.333333 0.358127
1 0.023611 0.949036 0.041667 0.101928
