0 0.346094 0.284375 0.326562 0.410417
1 0.911719 0.500000 0.160938 0.208333
1 0.459375 0.567708 0.159375 0.214583
1 0.529687 0.086458 0.162500 0.168750
1 0.794531 0.184375 0.154688 0.189583
1 0.404687 0.922917 0.196875 0.154167
1 0.112500 0.292708 0.159375 0.218750
1 0.181250 0.889583 0.165625 0.220833
1 0.217188 0.051042 0.156250 0.097917
1 0.581250 0.897917 0.175000 0.200000
2 0.972656 0.838542 0.051562 0.068750
1 0.044531 0.921875 0.085938 0.156250
1 0.950781 0.078125 0.098437 0.152083
1 0.817187 0.670833 0.181250 0.237500
1 0.962500 0.705208 0.075000 0.214583
1 0.185156 0.520833 0.189062 0.216667
1 0.672656 0.613542 0.151562 0.210417
1 0.625781 0.690625 0.167187 0.210417
1 0.321094 0.762500 0.139063 0.195833
0 0.608594 0.354167 0.248438 0.308333
1 0.311719 0.667708 0.157812 0.202083
1 0.880469 0.212500 0.157812 0.195833
1 0.710156 0.055208 0.167187 0.106250
2 0.698438 0.967708 0.071875 0.064583
1 0.020313 0.317708 0.037500 0.197917
1 0.977344 0.287500 0.045312 0.216667
1 0.392188 0.041667 0.162500 0.079167
1 0.015625 0.671875 0.028125 0.227083
