1 0.763221 0.367788 0.247596 0.201923
0 0.780048 0.891827 0.425481 0.211538
1 0.224760 0.955529 0.213942 0.088942
1 0.402644 0.407452 0.242788 0.209135
1 0.194712 0.800481 0.225962 0.192308
1 0.913462 0.759615 0.173077 0.201923
1 0.193510 0.387019 0.228365 0.206731
1 0.741587 0.079327 0.233173 0.153846
1 0.608173 0.537260 0.240385 0.180288
1 0.901442 0.549279 0.192308 0.165865
1 0.347356 0.634615 0.257212 0.201923
1 0.498798 0.236779 0.271635 0.213942
1 0.449519 0.951923 0.211538 0.096154
1 0.750000 0.183894 0.245192 0.189904
1 0.051683 0.930288 0.098558 0.139423
2 0.650240 0.765625 0.079327 0.069712
1 0.792067 0.552885 0.213942 0.177885
1 0.082933 0.592548 0.161058 0.189904
1 0.091346 0.215144 0.177885 0.204327
1 0.254808 0.091346 0.235577 0.177885
1 0.040865 0.710337 0.076923 0.218750
1 0.960337 0.061298 0.079327 0.117788
1 0.293269 0.254808 0.192308 0.125000
