1 0.174783 0.462609 0.269565 0.278261
1 0.337391 0.170435 0.288696 0.302609
1 0.100870 0.238261 0.198261 0.236522
1 0.230435 0.721739 0.332174 0.274783
1 0.704348 0.910435 0.295652 0.179130
1 0.939130 0.737391 0.121739 0.257391
1 0.159130 0.053043 0.307826 0.102609
1 0.886957 0.166087 0.226087 0.290435
1 0.740870 0.179130 0.271304 0.309565
1 0.924348 0.924348 0.151304 0.151304
1 0.351304 0.859130 0.285217 0.281739
0 0.538261 0.465217 0.405217 0.460870
1 0.065217 0.883478 0.126957 0.229565
1 0.746957 0.775652 0.245217 0.274783
