1 0.197115 0.730769 0.168269 0.206731
0 0.626202 0.573317 0.290865 0.372596
1 0.652644 0.087740 0.170673 0.170673
1 0.930288 0.579327 0.134615 0.230769
2 0.116587 0.396635 0.084135 0.076923
1 0.426683 0.923077 0.175481 0.153846
1 0.411058 0.366587 0.158654 0.170673
1 0.848558 0.096154 0.211538 0.187500
1 0.246394 0.268029 0.185096 0.213942
2 0.145433 0.933894 0.069712 0.074519
1 0.306490 0.103365 0.204327 0.201923
1 0.344952 0.733173 0.185096 0.211538
1 0.652644 0.826923 0.218750 0.206731
1 0.888221 0.330529 0.218750 0.223558
1 0.060096 0.655048 0.115385 0.223558
1 0.866587 0.858173 0.175481 0.216346
1 0.567308 0.288462 0.235577 0.225962
1 0.189904 0.498798 0.201923 0.237981
1 0.147837 0.165865 0.180288 0.187500
1 0.389423 0.776442 0.110577 0.129808
1 0.524038 0.876202 0.153846 0.218750
