1 0.156944 0.560606 0.191667 0.201102
1 0.087500 0.140496 0.169444 0.214876
1 0.948611 0.574380 0.102778 0.223140
1 0.780556 0.117080 0.211111 0.228650
1 0.218056 0.370523 0.202778 0.217631
1 0.720833 0.902204 0.230556 0.195592
1 0.190278 0.742424 0.236111 0.217631
1 0.130556 0.922865 0.238889 0.154270
1 0.318056 0.139118 0.197222 0.250689
1 0.775000 0.369146 0.216667 0.236915
1 0.420833 0.028926 0.230556 0.052342
1 0.034722 0.625344 0.063889 0.225895
1 0.027778 0.411846 0.050000 0.223140
1 0.861111 0.537190 0.216667 0.253444
1 0.141667 0.022039 0.216667 0.038567
1 0.977778 0.177686 0.044444 0.217631
1 0.937500 0.973829 0.125000 0.052342
1 0.668056 0.015152 0.241667 0.024793
0 0.502778 0.465565 0.494444 0.688705
