1 0.940870 0.099130 0.118261 0.194783
1 0.716522 0.068696 0.246957 0.133913
1 0.382609 0.160000 0.198261 0.257391
1 0.831304 0.904348 0.222609 0.187826
1 0.106087 0.513913 0.208696 0.241739
1 0.142609 0.720000 0.212174 0.233043
1 0.252174 0.937391 0.201739 0.125217
1 0.083478 0.046957 0.163478 0.090435
1 0.918261 0.526957 0.163478 0.243478
1 0.214783 0.167826 0.168696 0.224348
1 0.937391 0.715652 0.125217 0.227826
1 0.613913 0.966957 0.246957 0.066087
1 0.386957 0.814783 0.255652 0.203478
1 0.571304 0.815652 0.252174 0.226087
0 0.466957 0.499130 0.520000 0.459130
