1 0.063478 0.672174 0.123478 0.266087
1 0.834783 0.350435 0.205217 0.245217
1 0.919130 0.116522 0.161739 0.229565
1 0.851304 0.628696 0.255652 0.241739
1 0.779130 0.837391 0.250435 0.248696
1 0.112174 0.160870 0.220870 0.248696
1 0.566087 0.110435 0.175652 0.217391
1 0.128696 0.414783 0.229565 0.276522
1 0.473043 0.794783 0.219130 0.233043
1 0.237391 0.635652 0.231304 0.297391
0 0.480870 0.442609 0.662609 0.516522
1 0.586957 0.943478 0.200000 0.113043
1 0.316522 0.854783 0.222609 0.210435
1 0.656522 0.070435 0.196522 0.137391
1 0.806957 0.045217 0.198261 0.086957
