1 0.187500 0.078512 0.219444 0.151515
1 0.919444 0.241047 0.161111 0.201102
1 0.900000 0.913223 0.200000 0.173554
1 0.916667 0.061983 0.166667 0.118457
1 0.312500 0.885675 0.197222 0.228650
1 0.037500 0.085399 0.069444 0.165289
1 0.116667 0.860882 0.188889 0.272727
1 0.730556 0.236915 0.205556 0.225895
1 0.858333 0.516529 0.238889 0.234160
1 0.552778 0.052342 0.205556 0.099174
1 0.512500 0.822314 0.236111 0.239669
1 0.734722 0.811295 0.197222 0.184573
1 0.302778 0.246556 0.205556 0.250689
2 0.944444 0.679063 0.105556 0.112948
1 0.552778 0.130854 0.238889 0.212121
2 0.601389 0.971074 0.075000 0.057851
2 0.665278 0.684573 0.086111 0.096419
1 0.702778 0.980716 0.222222 0.038567
1 0.800000 0.640496 0.188889 0.179063
1 0.831944 0.020661 0.236111 0.035813
0 0.501389 0.486226 0.475000 0.454545
2 0.861111 0.355372 0.088889 0.088154
0 0.140278 0.483471 0.275000 0.432507
