1 0.450000 0.907713 0.200000 0.179063
1 0.401389 0.157025 0.236111 0.258953
1 0.095833 0.844353 0.186111 0.223140
1 0.102778 0.436639 0.200000 0.217631
1 0.745833 0.698347 0.269444 0.250689
1 0.841667 0.128099 0.244444 0.245179
1 0.023611 0.663912 0.041667 0.231405
2 0.159722 0.249311 0.091667 0.085399
2 0.936111 0.316804 0.088889 0.093664
1 0.312500 0.749311 0.197222 0.198347
0 0.504167 0.504132 0.319444 0.352617
1 0.955556 0.977961 0.088889 0.044077
1 0.230556 0.684573 0.200000 0.212121
1 0.140278 0.114325 0.275000 0.223140
0 0.143056 0.114325 0.280556 0.223140
