1 0.602609 0.763478 0.248696 0.236522
1 0.249565 0.498261 0.189565 0.206957
1 0.420870 0.109565 0.219130 0.215652
1 0.293043 0.269565 0.255652 0.250435
1 0.771304 0.584348 0.217391 0.229565
1 0.913913 0.749565 0.172174 0.257391
1 0.429565 0.900000 0.219130 0.196522
1 0.075652 0.229565 0.147826 0.236522
1 0.257391 0.719130 0.250435 0.227826
1 0.846087 0.340000 0.252174 0.262609
0 0.508696 0.498261 0.318261 0.328696
1 0.075652 0.479130 0.147826 0.220870
1 0.889565 0.940870 0.220870 0.118261
1 0.090435 0.900870 0.177391 0.194783
1 0.220000 0.918261 0.220870 0.160000
1 0.626957 0.035652 0.255652 0.067826
1 0.093043 0.052174 0.182609 0.100870
0 0.093043 0.052174 0.182609 0.100870
