1 0.572222 0.077135 0.216667 0.148760
1 0.941667 0.438017 0.116667 0.203857
1 0.801389 0.552342 0.180556 0.250689
1 0.106944 0.724518 0.208333 0.209366
1 0.255556 0.325069 0.216667 0.209366
1 0.880556 0.242424 0.238889 0.214876
1 0.093056 0.921488 0.180556 0.157025
1 0.295833 0.103306 0.236111 0.201102
1 0.956944 0.068871 0.086111 0.132231
1 0.180556 0.523416 0.216667 0.203857
1 0.559722 0.847107 0.230556 0.201102
1 0.926389 0.900826 0.147222 0.198347
1 0.090278 0.030303 0.175000 0.055096
1 0.337500 0.896694 0.213889 0.157025
1 0.737500 0.964187 0.230556 0.071625
1 0.313889 0.702479 0.177778 0.187328
1 0.979167 0.668044 0.041667 0.173554
1 0.355556 0.954545 0.211111 0.090909
0 0.508333 0.490358 0.383333 0.479339
