1 0.272222 0.068871 0.205556 0.132231
1 0.084722 0.101928 0.163889 0.192837
1 0.931944 0.793388 0.136111 0.236915
1 0.154167 0.555096 0.230556 0.234160
1 0.437500 0.885675 0.230556 0.228650
1 0.180556 0.318182 0.216667 0.228650
1 0.726389 0.940771 0.197222 0.118457
1 0.194444 0.814050 0.227778 0.228650
1 0.890278 0.413223 0.219444 0.225895
1 0.038889 0.903581 0.072222 0.192837
1 0.825000 0.621212 0.216667 0.239669
1 0.966667 0.070248 0.066667 0.134986
2 0.812500 0.292011 0.108333 0.110193
0 0.505556 0.531680 0.416667 0.418733
