1 0.362500 0.267218 0.191667 0.225895
1 0.093056 0.297521 0.180556 0.214876
1 0.100000 0.939394 0.188889 0.121212
1 0.190278 0.820937 0.169444 0.236915
1 0.055556 0.789256 0.105556 0.245179
1 0.066667 0.495868 0.127778 0.198347
1 0.968056 0.380165 0.063889 0.236915
1 0.241667 0.418733 0.211111 0.231405
1 0.644444 0.931129 0.227778 0.132231
1 0.801389 0.809917 0.230556 0.242424
1 0.965278 0.885675 0.069444 0.212121
1 0.895833 0.614325 0.208333 0.236915
1 0.312500 0.677686 0.197222 0.253444
1 0.631944 0.290634 0.230556 0.217631
1 0.329167 0.134986 0.280556 0.203857
1 0.969444 0.079890 0.061111 0.154270
1 0.259722 0.962810 0.208333 0.074380
1 0.575000 0.847107 0.211111 0.234160
2 0.626389 0.159780 0.091667 0.088154
1 0.815278 0.426997 0.225000 0.292011
0 0.500000 0.498623 0.311111 0.336088
1 0.184722 0.064738 0.197222 0.123967
1 0.098611 0.077135 0.186111 0.148760
1 0.534722 0.763085 0.230556 0.187328
