0 0.852163 0.742788 0.290865 0.432692
1 0.096154 0.197115 0.177885 0.216346
1 0.612981 0.896635 0.168269 0.206731
1 0.335337 0.877404 0.170673 0.206731
1 0.742788 0.950721 0.177885 0.098558
1 0.264423 0.478365 0.187500 0.211538
1 0.436298 0.200721 0.189904 0.204327
1 0.608173 0.412260 0.192308 0.199519
1 0.500000 0.382212 0.187500 0.206731
1 0.212740 0.786058 0.165865 0.197115
1 0.875000 0.420673 0.168269 0.182692
1 0.092548 0.465144 0.180288 0.247596
1 0.070913 0.841346 0.137019 0.206731
1 0.623798 0.644231 0.204327 0.254808
1 0.201923 0.037260 0.182692 0.069712
1 0.325721 0.387019 0.175481 0.216346
1 0.361779 0.670673 0.189904 0.211538
1 0.676683 0.236779 0.132212 0.189904
1 0.052885 0.044471 0.100962 0.084135
1 0.788462 0.150240 0.149038 0.194712
1 0.887019 0.038462 0.163462 0.072115
1 0.554087 0.033654 0.151442 0.062500
1 0.022837 0.317308 0.040865 0.182692
1 0.471154 0.757212 0.168269 0.173077
1 0.100962 0.923077 0.187500 0.153846
1 0.384615 0.063702 0.182692 0.122596
1 0.742788 0.525240 0.163462 0.180288
1 0.919471 0.228365 0.161058 0.259615
1 0.402644 0.977163 0.185096 0.045673
1 0.965144 0.497596 0.069712 0.216346
1 0.022837 0.588942 0.040865 0.206731
1 0.450721 0.651442 0.122596 0.144231
2 0.496394 0.551683 0.060096 0.060096
1 0.592548 0.179087 0.112981 0.209135
