1 0.927778 0.374656 0.144444 0.269972
1 0.579167 0.741047 0.286111 0.242424
1 0.784722 0.876033 0.230556 0.242424
1 0.179167 0.891185 0.297222 0.217631
0 0.502778 0.500000 0.261111 0.256198
1 0.304167 0.192837 0.286111 0.325069
1 0.868056 0.785124 0.247222 0.258953
1 0.568056 0.235537 0.241667 0.245179
1 0.426389 0.925620 0.313889 0.143251
1 0.941667 0.063361 0.116667 0.121212
1 0.541667 0.061983 0.338889 0.118457
1 0.620833 0.356749 0.258333 0.206612
1 0.594444 0.045455 0.244444 0.085399
1 0.802778 0.555096 0.277778 0.311295
