1 0.927826 0.239130 0.144348 0.259130
1 0.754783 0.109565 0.243478 0.215652
1 0.246957 0.888696 0.215652 0.219130
1 0.149565 0.714783 0.236522 0.208696
1 0.208696 0.507826 0.236522 0.250435
1 0.705217 0.308696 0.255652 0.245217
1 0.906087 0.781739 0.187826 0.238261
1 0.089565 0.164348 0.175652 0.224348
1 0.349565 0.213913 0.205217 0.219130
1 0.040870 0.495652 0.078261 0.222609
1 0.821739 0.925217 0.238261 0.146087
1 0.440000 0.870435 0.191304 0.196522
1 0.527826 0.560000 0.398261 0.459130
1 0.613913 0.872174 0.222609 0.213913
1 0.458261 0.178261 0.224348 0.203478
