1 0.072222 0.126722 0.138889 0.192837
1 0.913889 0.768595 0.172222 0.209366
1 0.780556 0.286501 0.244444 0.264463
1 0.058333 0.468320 0.111111 0.275482
1 0.784722 0.944904 0.258333 0.110193
1 0.922222 0.134986 0.155556 0.225895
1 0.622222 0.114325 0.250000 0.223140
1 0.572222 0.876033 0.255556 0.247934
1 0.188889 0.684573 0.233333 0.256198
1 0.270833 0.185950 0.269444 0.278237
1 0.947222 0.359504 0.105556 0.239669
1 0.340278 0.034435 0.302778 0.063361
1 0.715278 0.727273 0.236111 0.220386
1 0.363889 0.926997 0.172222 0.146006
1 0.202778 0.960055 0.322222 0.079890
0 0.501389 0.502755 0.363889 0.377410
