0 0.481971 0.680288 0.372596 0.456731
1 0.542067 0.182692 0.218750 0.230769
1 0.336538 0.393029 0.230769 0.252404
1 0.953125 0.382212 0.093750 0.206731
1 0.810096 0.852163 0.173077 0.209135
1 0.668269 0.865385 0.201923 0.216346
1 0.118990 0.487981 0.223558 0.225962
1 0.856971 0.643029 0.213942 0.228365
1 0.907452 0.794471 0.185096 0.204327
1 0.072115 0.695913 0.139423 0.242788
1 0.271635 0.126202 0.298077 0.228365
1 0.805288 0.247596 0.197115 0.221154
1 0.937500 0.118990 0.120192 0.218750
1 0.768029 0.445913 0.189904 0.213942
1 0.108173 0.915865 0.206731 0.163462
1 0.403846 0.973558 0.182692 0.052885
1 0.524038 0.403846 0.182692 0.197115
1 0.617788 0.397837 0.182692 0.204327
1 0.264423 0.605769 0.149038 0.201923
1 0.831731 0.036058 0.134615 0.067308
1 0.614183 0.050481 0.156250 0.096154
