0 0.294471 0.546875 0.348558 0.435096
1 0.070913 0.137019 0.137019 0.221154
1 0.807692 0.510817 0.211538 0.213942
1 0.409856 0.819712 0.185096 0.206731
1 0.092548 0.875000 0.165865 0.177885
2 0.923077 0.046875 0.091346 0.088942
1 0.628606 0.435096 0.199519 0.201923
1 0.096154 0.675481 0.177885 0.197115
1 0.266827 0.075721 0.177885 0.146635
1 0.568510 0.334135 0.165865 0.187500
1 0.935096 0.330529 0.129808 0.146635
1 0.447115 0.288462 0.163462 0.211538
1 0.715144 0.943510 0.170673 0.112981
1 0.413462 0.114183 0.182692 0.218750
1 0.560096 0.971154 0.153846 0.057692
1 0.051683 0.395433 0.098558 0.223558
1 0.896635 0.284856 0.192308 0.228365
1 0.975962 0.769231 0.048077 0.250000
1 0.209135 0.861779 0.192308 0.194712
1 0.527644 0.699519 0.132212 0.216346
1 0.600962 0.046875 0.144231 0.088942
1 0.862981 0.860577 0.163462 0.197115
1 0.103365 0.468750 0.096154 0.211538
2 0.620192 0.594952 0.081731 0.112981
1 0.831731 0.117788 0.125000 0.197115
1 0.704327 0.045673 0.100962 0.086538
