1 0.093750 0.370192 0.182692 0.211538
0 0.544471 0.778846 0.348558 0.408654
1 0.069712 0.593750 0.134615 0.245192
1 0.215144 0.530048 0.185096 0.218750
0 0.808894 0.524038 0.334135 0.456731
1 0.536058 0.313702 0.197115 0.242788
1 0.293269 0.754808 0.168269 0.230769
1 0.134615 0.818510 0.182692 0.233173
1 0.234375 0.103365 0.180288 0.201923
1 0.730769 0.073317 0.187500 0.141827
1 0.760817 0.151442 0.189904 0.211538
1 0.177885 0.067308 0.192308 0.129808
1 0.294471 0.418269 0.180288 0.187500
1 0.286058 0.290865 0.153846 0.168269
1 0.866587 0.174279 0.098558 0.194712
