1 0.063478 0.900000 0.123478 0.200000
1 0.898261 0.098261 0.200000 0.193043
1 0.904348 0.914783 0.187826 0.166957
1 0.434783 0.944348 0.222609 0.111304
1 0.506957 0.201739 0.273043 0.257391
1 0.663478 0.895652 0.217391 0.208696
1 0.108696 0.059130 0.213913 0.114783
1 0.287826 0.724348 0.186087 0.325217
1 0.772174 0.638261 0.219130 0.226087
1 0.108696 0.792174 0.213913 0.234783
1 0.143478 0.313913 0.206957 0.213913
1 0.312174 0.387826 0.224348 0.320000
1 0.710435 0.360870 0.241739 0.238261
1 0.024348 0.595652 0.045217 0.172174
0 0.487826 0.526087 0.436522 0.366957
