0 0.484375 0.340625 0.334375 0.443750
1 0.534375 0.813542 0.190625 0.222917
1 0.796875 0.166667 0.162500 0.208333
1 0.073438 0.319792 0.143750 0.210417
1 0.759375 0.563542 0.165625 0.210417
1 0.931250 0.094792 0.137500 0.185417
1 0.602344 0.944792 0.167187 0.110417
1 0.809375 0.954167 0.150000 0.091667
1 0.651563 0.158333 0.175000 0.204167
1 0.946875 0.621875 0.106250 0.206250
1 0.333594 0.615625 0.198437 0.239583
1 0.844531 0.373958 0.198437 0.222917
1 0.131250 0.523958 0.193750 0.218750
1 0.407031 0.037500 0.170313 0.070833
1 0.119531 0.096875 0.201563 0.189583
1 0.796094 0.756250 0.173437 0.200000
1 0.114844 0.960417 0.164062 0.079167
1 0.932031 0.885417 0.135937 0.216667
1 0.896094 0.228125 0.179688 0.214583
1 0.399219 0.956250 0.157812 0.087500
1 0.275000 0.405208 0.159375 0.185417
1 0.525781 0.607292 0.164062 0.177083
1 0.217188 0.887500 0.159375 0.191667
1 0.550781 0.037500 0.123438 0.070833
1 0.658594 0.042708 0.123438 0.081250
1 0.355469 0.857292 0.145313 0.202083
