0 0.375000 0.451923 0.365385 0.437500
1 0.834135 0.867788 0.187500 0.230769
1 0.667067 0.548077 0.204327 0.216346
1 0.550481 0.069712 0.153846 0.134615
1 0.918269 0.076923 0.163462 0.149038
1 0.114183 0.932692 0.185096 0.134615
1 0.072115 0.588942 0.139423 0.201923
1 0.393029 0.935096 0.165865 0.129808
1 0.653846 0.352163 0.139423 0.175481
2 0.711538 0.870192 0.086538 0.096154
1 0.413462 0.110577 0.153846 0.201923
1 0.787260 0.072115 0.161058 0.139423
1 0.520433 0.740385 0.223558 0.153846
1 0.515625 0.215144 0.204327 0.189904
1 0.062500 0.293269 0.120192 0.211538
1 0.787260 0.262019 0.156250 0.197115
1 0.284856 0.788462 0.209135 0.278846
1 0.205529 0.091346 0.185096 0.177885
2 0.231971 0.240385 0.069712 0.086538
1 0.486779 0.948317 0.180288 0.103365
1 0.210337 0.611779 0.175481 0.185096
1 0.867788 0.349760 0.173077 0.199519
1 0.459135 0.793269 0.153846 0.216346
1 0.084135 0.024038 0.153846 0.043269
1 0.064904 0.459135 0.125000 0.250000
1 0.784856 0.379808 0.175481 0.158654
1 0.164663 0.449519 0.079327 0.259615
1 0.959135 0.615385 0.081731 0.264423
