0 0.496875 0.418750 0.203125 0.316667
1 0.705469 0.085417 0.157812 0.166667
1 0.310156 0.530208 0.167187 0.235417
1 0.050781 0.121875 0.098437 0.239583
1 0.456250 0.960417 0.165625 0.079167
1 0.629687 0.925000 0.212500 0.150000
1 0.048438 0.881250 0.093750 0.229167
1 0.471875 0.842708 0.181250 0.206250
1 0.164844 0.754167 0.210938 0.233333
2 0.503125 0.229167 0.065625 0.091667
1 0.335938 0.304167 0.146875 0.187500
1 0.971094 0.291667 0.057813 0.212500
1 0.689844 0.546875 0.151562 0.181250
1 0.030469 0.660417 0.057813 0.212500
1 0.898438 0.145833 0.184375 0.233333
1 0.544531 0.667708 0.201563 0.193750
1 0.177344 0.243750 0.179688 0.250000
1 0.850781 0.223958 0.157812 0.202083
1 0.150000 0.423958 0.178125 0.222917
1 0.763281 0.434375 0.157812 0.193750
1 0.926562 0.479167 0.146875 0.183333
1 0.660937 0.761458 0.150000 0.181250
1 0.883594 0.654167 0.148438 0.179167
1 0.796094 0.805208 0.164062 0.227083
1 0.909375 0.888542 0.146875 0.210417
1 0.410938 0.114583 0.175000 0.216667
