1 0.945217 0.206087 0.109565 0.248696
1 0.771304 0.196522 0.238261 0.236522
1 0.953913 0.609565 0.092174 0.238261
1 0.449565 0.098261 0.227826 0.193043
1 0.650435 0.041739 0.236522 0.080000
1 0.442609 0.872174 0.210435 0.231304
1 0.151304 0.650435 0.212174 0.226087
1 0.215652 0.262609 0.215652 0.260870
1 0.695652 0.912174 0.240000 0.168696
1 0.384348 0.028696 0.205217 0.053913
1 0.103478 0.233913 0.203478 0.238261
1 0.031304 0.219130 0.059130 0.285217
0 0.486087 0.504348 0.464348 0.549565
1 0.067826 0.045217 0.132174 0.086957
1 0.701739 0.800000 0.245217 0.205217
1 0.898261 0.600870 0.186087 0.248696
1 0.344348 0.902609 0.205217 0.194783
1 0.085217 0.603478 0.166957 0.233043
