1 0.262019 0.826923 0.173077 0.211538
1 0.260817 0.391827 0.185096 0.206731
1 0.199519 0.195913 0.177885 0.199519
1 0.082933 0.657452 0.161058 0.213942
0 0.558894 0.550481 0.338942 0.413462
1 0.555288 0.079327 0.177885 0.153846
1 0.736779 0.366587 0.185096 0.228365
1 0.280048 0.635817 0.209135 0.204327
1 0.706731 0.925481 0.201923 0.144231
1 0.911058 0.667067 0.177885 0.237981
1 0.453125 0.250000 0.194712 0.259615
1 0.963942 0.437500 0.072115 0.216346
1 0.832933 0.058894 0.189904 0.112981
1 0.961538 0.784856 0.076923 0.209135
2 0.126202 0.420673 0.064904 0.076923
1 0.878606 0.931490 0.209135 0.137019
1 0.888221 0.292067 0.122596 0.218750
1 0.091346 0.093750 0.173077 0.182692
1 0.052885 0.877404 0.100962 0.182692
2 0.087740 0.942308 0.098558 0.115385
