1 0.291304 0.138261 0.210435 0.234783
1 0.723478 0.184348 0.222609 0.243478
1 0.174783 0.722609 0.234783 0.231304
1 0.876522 0.367826 0.240000 0.248696
1 0.203478 0.300000 0.229565 0.248696
1 0.504348 0.164348 0.222609 0.280000
1 0.253913 0.895652 0.219130 0.205217
1 0.856522 0.069565 0.234783 0.135652
1 0.072174 0.618261 0.140870 0.273043
1 0.939130 0.689565 0.121739 0.269565
1 0.080000 0.900000 0.156522 0.200000
1 0.639130 0.039130 0.248696 0.074783
1 0.102609 0.069565 0.201739 0.135652
1 0.053913 0.343478 0.104348 0.252174
1 0.776522 0.961739 0.161739 0.076522
0 0.586087 0.504348 0.542609 0.573913
1 0.663478 0.887826 0.206957 0.220870
1 0.906087 0.960000 0.173913 0.080000
1 0.826957 0.792174 0.224348 0.200000
