1 0.087500 0.101928 0.169444 0.198347
1 0.681944 0.089532 0.208333 0.173554
1 0.213889 0.377410 0.188889 0.225895
1 0.516667 0.829201 0.266667 0.247934
1 0.476389 0.148760 0.225000 0.242424
1 0.170833 0.710744 0.219444 0.242424
1 0.970833 0.370523 0.058333 0.228650
1 0.150000 0.968320 0.200000 0.063361
1 0.381944 0.957300 0.258333 0.085399
1 0.795833 0.493113 0.213889 0.352617
1 0.059722 0.862259 0.113889 0.214876
1 0.291667 0.055096 0.200000 0.104683
1 0.601389 0.962810 0.186111 0.074380
0 0.484722 0.522039 0.358333 0.404959
1 0.212500 0.082645 0.158333 0.159780
1 0.236111 0.625344 0.211111 0.242424
1 0.030556 0.793388 0.055556 0.242424
1 0.013889 0.282369 0.022222 0.206612
1 0.881944 0.969697 0.225000 0.060606
1 0.763889 0.962810 0.155556 0.074380
