1 0.646087 0.082609 0.231304 0.161739
1 0.920000 0.066087 0.160000 0.128696
1 0.051304 0.090435 0.099130 0.177391
1 0.224348 0.216522 0.229565 0.238261
1 0.920870 0.392174 0.158261 0.286957
1 0.202609 0.756522 0.276522 0.226087
1 0.794783 0.225217 0.229565 0.248696
1 0.161739 0.530435 0.240000 0.229565
1 0.287826 0.919130 0.196522 0.158261
1 0.623478 0.959130 0.234783 0.081739
1 0.093913 0.952174 0.184348 0.095652
1 0.850435 0.805217 0.226087 0.246957
1 0.323478 0.026957 0.257391 0.050435
1 0.250435 0.394783 0.208696 0.236522
0 0.499130 0.551304 0.486957 0.403478
1 0.947826 0.826087 0.104348 0.243478
