0 0.296094 0.562500 0.332813 0.408333
1 0.067187 0.140625 0.131250 0.222917
1 0.409375 0.815625 0.175000 0.218750
1 0.806250 0.510417 0.200000 0.225000
2 0.921094 0.046875 0.085938 0.089583
1 0.267969 0.076042 0.170313 0.147917
1 0.077344 0.868750 0.139063 0.187500
1 0.528125 0.702083 0.128125 0.225000
1 0.707812 0.939583 0.153125 0.120833
1 0.094531 0.676042 0.170313 0.202083
1 0.406250 0.113542 0.159375 0.222917
1 0.446875 0.289583 0.153125 0.204167
1 0.631250 0.434375 0.190625 0.214583
1 0.046094 0.398958 0.089063 0.222917
1 0.567969 0.332292 0.154688 0.185417
2 0.621875 0.598958 0.087500 0.135417
1 0.889062 0.282292 0.165625 0.231250
1 0.937500 0.330208 0.125000 0.156250
1 0.596094 0.047917 0.129688 0.091667
1 0.564063 0.967708 0.143750 0.064583
1 0.981250 0.760417 0.037500 0.245833
1 0.868750 0.858333 0.159375 0.225000
1 0.828906 0.117708 0.120313 0.193750
1 0.705469 0.047917 0.098437 0.091667
1 0.482031 0.071875 0.092188 0.139583
1 0.096875 0.488542 0.078125 0.227083
1 0.225000 0.865625 0.190625 0.197917
