1 0.629167 0.717631 0.213889 0.206612
1 0.055556 0.476584 0.105556 0.231405
1 0.115278 0.224518 0.225000 0.234160
1 0.823611 0.794766 0.191667 0.239669
1 0.406944 0.753444 0.230556 0.245179
1 0.313889 0.960055 0.216667 0.079890
1 0.665278 0.090909 0.202778 0.176309
1 0.633333 0.909091 0.227778 0.181818
1 0.941667 0.497245 0.116667 0.245179
1 0.211111 0.068871 0.238889 0.132231
1 0.801389 0.063361 0.225000 0.121212
1 0.781944 0.574380 0.225000 0.245179
1 0.461111 0.239669 0.227778 0.225895
1 0.230556 0.447658 0.222222 0.201102
1 0.205556 0.644628 0.238889 0.220386
0 0.508333 0.500000 0.288889 0.272727
1 0.102778 0.971074 0.200000 0.057851
1 0.958333 0.831956 0.083333 0.209366
1 0.952778 0.940771 0.094444 0.118457
2 0.326389 0.556474 0.086111 0.093664
2 0.234722 0.294766 0.086111 0.077135
