0 0.692187 0.760417 0.253125 0.300000
1 0.840625 0.369792 0.165625 0.214583
1 0.763281 0.193750 0.154688 0.191667
1 0.267969 0.093750 0.154688 0.183333
1 0.636719 0.269792 0.167187 0.214583
1 0.282813 0.670833 0.184375 0.237500
1 0.762500 0.058333 0.150000 0.112500
1 0.960156 0.354167 0.079687 0.216667
1 0.920312 0.190625 0.156250 0.197917
1 0.084375 0.384375 0.162500 0.210417
1 0.427344 0.963542 0.154688 0.072917
2 0.454688 0.901042 0.056250 0.068750
1 0.468750 0.189583 0.184375 0.208333
1 0.337500 0.812500 0.193750 0.220833
1 0.171094 0.969792 0.173437 0.060417
1 0.409375 0.567708 0.146875 0.231250
1 0.972656 0.812500 0.054688 0.204167
1 0.965625 0.964583 0.068750 0.070833
1 0.402344 0.093750 0.142187 0.183333
1 0.452344 0.426042 0.167187 0.181250
1 0.770312 0.540625 0.243750 0.168750
1 0.561719 0.548958 0.154688 0.247917
2 0.878906 0.763542 0.042188 0.064583
1 0.505469 0.813542 0.129688 0.235417
