0 0.211538 0.149038 0.322115 0.293269
1 0.275240 0.384615 0.189904 0.216346
1 0.437500 0.312500 0.182692 0.225962
1 0.485577 0.581731 0.173077 0.221154
1 0.918269 0.707933 0.163462 0.213942
1 0.237981 0.629808 0.187500 0.225962
1 0.858173 0.276442 0.197115 0.221154
1 0.299279 0.900240 0.233173 0.199519
1 0.719952 0.375000 0.199519 0.221154
1 0.879808 0.075721 0.168269 0.146635
1 0.759615 0.691106 0.211538 0.242788
1 0.063702 0.610577 0.122596 0.225962
1 0.062500 0.890625 0.120192 0.218750
1 0.049279 0.384615 0.093750 0.211538
1 0.211538 0.877404 0.177885 0.245192
1 0.962740 0.223558 0.074519 0.264423
1 0.680288 0.639423 0.254808 0.168269
1 0.676683 0.561298 0.170673 0.141827
1 0.105769 0.832933 0.153846 0.209135
1 0.050481 0.187500 0.096154 0.254808
