1 0.384375 0.107292 0.178125 0.210417
1 0.258594 0.506250 0.173437 0.212500
0 0.625000 0.772917 0.243750 0.325000
1 0.936719 0.272917 0.126562 0.229167
1 0.357031 0.723958 0.170313 0.222917
1 0.071094 0.906250 0.139063 0.187500
1 0.776563 0.835417 0.150000 0.212500
1 0.774219 0.071875 0.151562 0.139583
1 0.057031 0.241667 0.110937 0.225000
1 0.935156 0.747917 0.129688 0.195833
1 0.186719 0.197917 0.145313 0.225000
1 0.758594 0.579167 0.157812 0.220833
1 0.496875 0.581250 0.196875 0.212500
1 0.225000 0.919792 0.187500 0.160417
1 0.431250 0.326042 0.162500 0.202083
1 0.257812 0.736458 0.153125 0.210417
1 0.925000 0.072917 0.150000 0.141667
1 0.797656 0.459375 0.170313 0.218750
1 0.121875 0.618750 0.150000 0.229167
1 0.925781 0.583333 0.145313 0.212500
1 0.545312 0.950000 0.162500 0.100000
1 0.028906 0.361458 0.054688 0.185417
1 0.285938 0.023958 0.143750 0.043750
1 0.928906 0.879167 0.142187 0.229167
1 0.592969 0.094792 0.164062 0.185417
1 0.572656 0.126042 0.176563 0.227083
1 0.064844 0.036458 0.126562 0.068750
1 0.713281 0.273958 0.179688 0.272917
1 0.495312 0.372917 0.165625 0.183333
1 0.066406 0.576042 0.129688 0.235417
1 0.164844 0.302083 0.107813 0.175000
