0 0.502533 0.808349 0.348798 0.383302
1 0.110772 0.645719 0.193902 0.21752
1 0.0819683 0.105286 0.163937 0.205955
1 0.0841927 0.886219 0.168385 0.207081
1 0.315001 0.53651 0.181936 0.217216
1 0.84726 0.103359 0.192332 0.206609
1 0.667835 0.0821867 0.177738 0.164373
1 0.738423 0.504134 0.180468 0.208488
1 0.201826 0.393341 0.153544 0.194616
1 0.942373 0.742458 0.115255 0.226747
1 0.951877 0.274196 0.0962457 0.217247
1 0.510985 0.332246 0.201617 0.240667
1 0.767529 0.804504 0.170884 0.215589
1 0.274016 0.766878 0.1731 0.198674
1 0.271606 0.940926 0.160754 0.118148
1 0.538131 0.558524 0.200994 0.188235
2 0.335664 0.236737 0.0927812 0.10025
1 0.239822 0.158928 0.184361 0.246503
1 0.530128 0.165181 0.195155 0.199444
2 0.375989 0.0514988 0.0898542 0.0879902
1 0.0346207 0.333231 0.068525 0.230931
1 0.847993 0.861682 0.196126 0.210741
2 0.0305645 0.748544 0.061129 0.0914693
