0 0.447656 0.740625 0.304688 0.406250
1 0.809375 0.366667 0.156250 0.204167
1 0.735156 0.222917 0.179688 0.204167
1 0.109375 0.536458 0.165625 0.193750
2 0.487500 0.314583 0.068750 0.083333
1 0.125781 0.353125 0.185938 0.235417
1 0.795312 0.814583 0.171875 0.200000
2 0.637500 0.425000 0.056250 0.079167
1 0.806250 0.943750 0.153125 0.112500
1 0.502344 0.078125 0.154688 0.152083
1 0.164062 0.943750 0.156250 0.112500
1 0.700781 0.059375 0.176563 0.114583
1 0.078906 0.142708 0.154688 0.256250
1 0.867969 0.567708 0.142187 0.222917
1 0.836719 0.043750 0.173437 0.083333
1 0.289844 0.269792 0.160938 0.227083
1 0.214062 0.435417 0.153125 0.204167
1 0.638281 0.858333 0.164062 0.233333
1 0.050000 0.419792 0.096875 0.239583
1 0.953906 0.807292 0.092188 0.247917
1 0.367969 0.117708 0.164062 0.214583
1 0.441406 0.956250 0.160938 0.087500
1 0.934375 0.526042 0.131250 0.185417
1 0.935156 0.219792 0.129688 0.231250
1 0.016406 0.913542 0.029687 0.172917
1 0.546094 0.153125 0.167187 0.189583
1 0.543750 0.478125 0.146875 0.206250
1 0.621875 0.585417 0.143750 0.220833
