1 0.054167 0.651515 0.102778 0.217631
1 0.333333 0.768595 0.205556 0.198347
1 0.102778 0.411846 0.200000 0.206612
1 0.734722 0.241047 0.186111 0.201102
1 0.086111 0.099174 0.166667 0.181818
1 0.252778 0.545455 0.183333 0.236915
1 0.218056 0.915978 0.191667 0.168044
1 0.959722 0.435262 0.080556 0.198347
1 0.955556 0.763085 0.088889 0.192837
1 0.561111 0.816804 0.227778 0.234160
1 0.847222 0.902204 0.211111 0.195592
1 0.444444 0.949036 0.177778 0.101928
1 0.434722 0.129477 0.202778 0.209366
1 0.958333 0.195592 0.083333 0.242424
1 0.723611 0.641873 0.241667 0.192837
1 0.965278 0.929752 0.069444 0.140496
2 0.902778 0.318182 0.122222 0.112948
1 0.647222 0.103306 0.250000 0.173554
1 0.197222 0.243802 0.172222 0.201102
1 0.686111 0.971074 0.255556 0.057851
2 0.823611 0.819559 0.086111 0.068871
1 0.037500 0.971074 0.069444 0.057851
2 0.366667 0.473829 0.072222 0.066116
1 0.281944 0.220386 0.158333 0.187328
0 0.508333 0.498623 0.277778 0.413223
