1 0.085217 0.381739 0.166957 0.255652
1 0.920000 0.313043 0.160000 0.274783
1 0.267826 0.388696 0.194783 0.297391
0 0.510435 0.502609 0.335652 0.330435
1 0.725217 0.082609 0.250435 0.161739
1 0.286087 0.092174 0.227826 0.180870
1 0.486087 0.781739 0.238261 0.231304
1 0.066087 0.140870 0.128696 0.240000
1 0.859130 0.631304 0.257391 0.264348
1 0.257391 0.653043 0.236522 0.217391
1 0.059130 0.620000 0.114783 0.231304
1 0.500870 0.059130 0.219130 0.114783
1 0.180000 0.864348 0.245217 0.246957
1 0.506087 0.974783 0.166957 0.050435
1 0.898261 0.949565 0.203478 0.100870
1 0.848696 0.104348 0.208696 0.205217
