1 0.046957 0.504348 0.090435 0.260870
1 0.077391 0.184348 0.151304 0.292174
1 0.796522 0.120000 0.212174 0.236522
1 0.201739 0.900870 0.233043 0.194783
1 0.264348 0.130435 0.236522 0.246957
1 0.194783 0.620000 0.215652 0.262609
1 0.062609 0.728696 0.121739 0.215652
1 0.231304 0.349565 0.215652 0.271304
1 0.776522 0.955652 0.283478 0.088696
1 0.563478 0.062609 0.246957 0.121739
1 0.501739 0.928696 0.335652 0.139130
1 0.949565 0.197391 0.100870 0.213913
1 0.791304 0.788696 0.260870 0.252174
1 0.795652 0.306957 0.224348 0.196522
1 0.500870 0.159130 0.246957 0.231304
0 0.510435 0.573913 0.520000 0.685217
1 0.826087 0.593043 0.229565 0.236522
