1 0.105556 0.292011 0.205556 0.209366
1 0.301389 0.949036 0.241667 0.101928
1 0.936111 0.285124 0.127778 0.223140
1 0.105556 0.837466 0.205556 0.220386
1 0.783333 0.254821 0.172222 0.239669
1 0.944444 0.077135 0.111111 0.148760
1 0.054167 0.115702 0.102778 0.225895
1 0.263889 0.184573 0.222222 0.214876
1 0.812500 0.643251 0.191667 0.234160
1 0.897222 0.506887 0.205556 0.225895
1 0.608333 0.136364 0.222222 0.217631
1 0.473611 0.871901 0.280556 0.195592
1 0.183333 0.429752 0.222222 0.264463
1 0.773611 0.979339 0.225000 0.041322
0 0.497222 0.500000 0.538889 0.592287
