1 0.937500 0.767218 0.125000 0.223140
1 0.093056 0.089532 0.180556 0.173554
1 0.094444 0.495868 0.183333 0.214876
1 0.487500 0.219008 0.208333 0.206612
1 0.751389 0.654270 0.186111 0.206612
1 0.125000 0.720386 0.183333 0.206612
1 0.308333 0.418733 0.188889 0.203857
1 0.788889 0.950413 0.255556 0.099174
1 0.698611 0.188705 0.197222 0.223140
1 0.570833 0.838843 0.252778 0.217631
1 0.040278 0.836088 0.075000 0.184573
1 0.337500 0.746556 0.208333 0.225895
1 0.202778 0.971074 0.227778 0.057851
1 0.175000 0.260331 0.244444 0.206612
0 0.501389 0.523416 0.319444 0.369146
