1 0.731304 0.791304 0.245217 0.281739
1 0.895652 0.909565 0.205217 0.180870
1 0.389565 0.833913 0.240000 0.241739
1 0.966087 0.113043 0.067826 0.222609
1 0.840000 0.251304 0.229565 0.259130
1 0.154783 0.900000 0.246957 0.200000
1 0.365217 0.141739 0.253913 0.241739
1 0.916522 0.583478 0.166957 0.203478
1 0.826087 0.060870 0.288696 0.118261
1 0.615652 0.963478 0.184348 0.073043
0 0.500870 0.491304 0.316522 0.457391
1 0.212174 0.380870 0.253913 0.274783
1 0.716522 0.130435 0.253913 0.257391
1 0.090435 0.269565 0.177391 0.187826
1 0.924348 0.421739 0.151304 0.234783
1 0.048696 0.494783 0.093913 0.290435
1 0.111304 0.618261 0.198261 0.206957
1 0.139130 0.778261 0.243478 0.193043
1 0.086957 0.080870 0.170435 0.158261
1 0.188696 0.059130 0.220870 0.114783
1 0.191304 0.201739 0.177391 0.173913
