1 0.031944 0.340220 0.058333 0.239669
1 0.801389 0.055096 0.236111 0.104683
1 0.955556 0.902204 0.088889 0.195592
1 0.831944 0.794766 0.213889 0.228650
1 0.169444 0.084022 0.216667 0.162534
1 0.325000 0.184573 0.227778 0.225895
1 0.515278 0.097796 0.225000 0.190083
1 0.362500 0.825069 0.213889 0.223140
1 0.600000 0.785124 0.238889 0.253444
1 0.219444 0.406336 0.244444 0.239669
1 0.973611 0.633609 0.052778 0.253444
1 0.184722 0.687328 0.241667 0.239669
1 0.893056 0.210744 0.186111 0.234160
1 0.786111 0.432507 0.216667 0.225895
1 0.690278 0.201102 0.213889 0.236915
1 0.079167 0.966942 0.152778 0.066116
1 0.487500 0.975207 0.225000 0.049587
1 0.268056 0.976584 0.202778 0.046832
0 0.508333 0.498623 0.361111 0.358127
