1 0.592548 0.353365 0.194712 0.187500
0 0.171875 0.110577 0.338942 0.216346
1 0.759615 0.850962 0.173077 0.192308
1 0.366587 0.902644 0.209135 0.194712
1 0.387019 0.127404 0.177885 0.201923
1 0.881010 0.257212 0.165865 0.216346
1 0.516827 0.789663 0.163462 0.204327
1 0.563702 0.954327 0.199519 0.091346
1 0.302885 0.722356 0.177885 0.175481
1 0.861779 0.563702 0.194712 0.237981
1 0.080529 0.310096 0.156250 0.216346
1 0.498798 0.561298 0.247596 0.218750
1 0.698317 0.455529 0.185096 0.209135
1 0.512019 0.218750 0.158654 0.177885
1 0.061298 0.931490 0.117788 0.137019
1 0.258413 0.330529 0.199519 0.213942
2 0.909856 0.413462 0.069712 0.081731
1 0.216346 0.537260 0.192308 0.204327
1 0.963942 0.668269 0.072115 0.211538
1 0.962740 0.865385 0.074519 0.211538
1 0.706731 0.161058 0.163462 0.201923
1 0.554087 0.060096 0.185096 0.115385
1 0.538462 0.566106 0.182692 0.209135
1 0.039663 0.206731 0.074519 0.192308
1 0.105769 0.753606 0.144231 0.218750
1 0.201923 0.949519 0.173077 0.100962
1 0.979567 0.509615 0.040865 0.129808
0 0.980769 0.187500 0.038462 0.235577
1 0.039663 0.527644 0.074519 0.233173
