0 0.368990 0.723558 0.372596 0.403846
1 0.060096 0.914663 0.115385 0.170673
1 0.811298 0.068510 0.165865 0.132212
1 0.689904 0.572115 0.177885 0.206731
1 0.912260 0.697115 0.156250 0.197115
1 0.650240 0.751202 0.189904 0.218750
1 0.209135 0.859375 0.168269 0.180288
1 0.895433 0.921875 0.199519 0.156250
1 0.568510 0.061298 0.175481 0.117788
1 0.665865 0.921875 0.168269 0.156250
1 0.144231 0.349760 0.158654 0.218750
1 0.832933 0.301683 0.165865 0.189904
1 0.194712 0.094952 0.153846 0.180288
1 0.289663 0.328125 0.156250 0.218750
1 0.484375 0.941106 0.175481 0.117788
1 0.605769 0.234375 0.182692 0.194712
1 0.212740 0.510817 0.170673 0.185096
1 0.360577 0.149038 0.182692 0.240385
1 0.045673 0.051683 0.086538 0.098558
1 0.965144 0.143029 0.069712 0.199519
1 0.969952 0.362981 0.060096 0.221154
1 0.974760 0.576923 0.050481 0.216346
1 0.975962 0.825721 0.048077 0.223558
1 0.031250 0.239183 0.057692 0.194712
1 0.462740 0.034856 0.161058 0.064904
1 0.891827 0.265625 0.173077 0.189904
1 0.091346 0.677885 0.177885 0.293269
1 0.770433 0.731971 0.074519 0.295673
1 0.502404 0.323317 0.134615 0.199519
