1 0.086957 0.726957 0.170435 0.278261
1 0.886087 0.533043 0.224348 0.262609
1 0.418261 0.075652 0.280000 0.147826
1 0.256522 0.850435 0.245217 0.260870
1 0.820000 0.083478 0.273043 0.163478
1 0.827826 0.280000 0.260870 0.267826
1 0.805217 0.761739 0.243478 0.271304
1 0.205217 0.373043 0.260870 0.283478
1 0.607826 0.873043 0.273043 0.253913
1 0.470435 0.941739 0.273043 0.113043
0 0.532174 0.469565 0.469565 0.667826
1 0.193913 0.158261 0.231304 0.229565
1 0.075652 0.160000 0.147826 0.253913
1 0.968696 0.203478 0.062609 0.271304
