1 0.909722 0.717631 0.180556 0.217631
1 0.231944 0.180441 0.202778 0.217631
1 0.068056 0.363636 0.130556 0.209366
1 0.941667 0.921488 0.116667 0.157025
1 0.769444 0.914601 0.200000 0.170799
1 0.661111 0.137741 0.222222 0.236915
1 0.212500 0.455923 0.213889 0.256198
1 0.306944 0.719008 0.197222 0.225895
1 0.461111 0.889807 0.216667 0.203857
1 0.438889 0.081267 0.222222 0.157025
1 0.044444 0.601928 0.083333 0.217631
1 0.704167 0.724518 0.219444 0.236915
1 0.195833 0.900826 0.219444 0.192837
1 0.895833 0.143251 0.208333 0.220386
2 0.050000 0.962810 0.094444 0.074380
1 0.051389 0.158402 0.097222 0.190083
1 0.966667 0.396694 0.066667 0.203857
0 0.502778 0.513774 0.394444 0.421488
