1 0.114783 0.886087 0.201739 0.224348
1 0.513043 0.087826 0.212174 0.172174
1 0.254783 0.378261 0.182609 0.196522
1 0.777391 0.903478 0.201739 0.193043
1 0.556522 0.920870 0.198261 0.158261
1 0.202609 0.569565 0.217391 0.193043
1 0.745217 0.075652 0.231304 0.147826
1 0.269565 0.090435 0.226087 0.177391
1 0.899130 0.719130 0.201739 0.213913
1 0.953913 0.320870 0.092174 0.238261
1 0.049565 0.473043 0.095652 0.198261
1 0.666087 0.763478 0.246957 0.222609
1 0.812174 0.404348 0.194783 0.224348
1 0.969565 0.531304 0.060870 0.252174
1 0.294783 0.743478 0.234783 0.182609
1 0.633043 0.302609 0.194783 0.226087
1 0.931304 0.053043 0.137391 0.102609
1 0.347826 0.858261 0.215652 0.231304
0 0.509565 0.506087 0.313043 0.337391
1 0.935652 0.961739 0.128696 0.076522
1 0.781739 0.541739 0.217391 0.213913
