1 0.820833 0.319559 0.208333 0.192837
1 0.205556 0.546832 0.211111 0.190083
1 0.116667 0.944904 0.227778 0.110193
1 0.319444 0.760331 0.194444 0.209366
1 0.509722 0.800275 0.202778 0.201102
1 0.931944 0.187328 0.136111 0.247934
1 0.055556 0.428375 0.105556 0.228650
1 0.945833 0.589532 0.108333 0.258953
1 0.023611 0.639118 0.041667 0.225895
1 0.208333 0.326446 0.211111 0.261708
1 0.026389 0.123967 0.047222 0.192837
1 0.475000 0.030303 0.211111 0.055096
2 0.748611 0.028926 0.086111 0.052342
2 0.230556 0.665289 0.072222 0.079890
1 0.813889 0.874656 0.216667 0.195592
2 0.640278 0.731405 0.075000 0.096419
1 0.756944 0.800275 0.247222 0.206612
0 0.505556 0.497245 0.400000 0.415978
