1 0.545833 0.078512 0.208333 0.151515
1 0.913889 0.309917 0.172222 0.239669
1 0.079167 0.585399 0.152778 0.239669
1 0.054167 0.198347 0.102778 0.247934
1 0.834722 0.096419 0.258333 0.187328
1 0.116667 0.063361 0.194444 0.121212
1 0.333333 0.056474 0.227778 0.107438
1 0.651389 0.225895 0.236111 0.231405
1 0.220833 0.294766 0.236111 0.242424
1 0.247222 0.705234 0.261111 0.258953
1 0.580556 0.825069 0.216667 0.223140
1 0.768056 0.370523 0.208333 0.256198
1 0.745833 0.904959 0.275000 0.190083
1 0.956944 0.546832 0.086111 0.217631
1 0.248611 0.915978 0.263889 0.162534
1 0.845833 0.619835 0.280556 0.198347
1 0.330556 0.964187 0.200000 0.071625
0 0.505556 0.501377 0.416667 0.413223
