1 0.804167 0.776860 0.208333 0.214876
1 0.072222 0.482094 0.138889 0.236915
1 0.809722 0.561983 0.208333 0.220386
1 0.704167 0.953168 0.219444 0.093664
1 0.256944 0.349862 0.275000 0.236915
1 0.109722 0.961433 0.191667 0.077135
1 0.102778 0.646006 0.172222 0.212121
1 0.190278 0.797521 0.252778 0.206612
1 0.966667 0.734160 0.066667 0.223140
0 0.504167 0.500000 0.252778 0.267218
1 0.326389 0.938017 0.247222 0.123967
2 0.273611 0.161157 0.086111 0.074380
2 0.919444 0.739669 0.066667 0.057851
1 0.494444 0.869146 0.250000 0.256198
2 0.123611 0.256198 0.091667 0.077135
1 0.302778 0.614325 0.222222 0.203857
1 0.675000 0.666667 0.216667 0.198347
1 0.575000 0.721763 0.222222 0.187328
2 0.145833 0.680441 0.075000 0.071625
1 0.065278 0.341598 0.125000 0.159780
2 0.015278 0.964187 0.025000 0.071625
2 0.140278 0.658402 0.080556 0.154270
