1 0.654783 0.800000 0.245217 0.240000
1 0.114783 0.862609 0.226087 0.236522
1 0.631304 0.958261 0.264348 0.083478
1 0.406087 0.925217 0.224348 0.149565
1 0.316522 0.753043 0.226087 0.215652
1 0.679130 0.174783 0.238261 0.227826
1 0.760870 0.553913 0.200000 0.220870
1 0.289565 0.056522 0.259130 0.109565
1 0.261739 0.222609 0.238261 0.219130
1 0.880870 0.371304 0.231304 0.220870
1 0.910435 0.053913 0.179130 0.104348
1 0.267826 0.453913 0.153043 0.236522
0 0.498261 0.493913 0.321739 0.326957
1 0.971304 0.680000 0.057391 0.246957
1 0.084348 0.077391 0.165217 0.151304
1 0.106957 0.378261 0.203478 0.182609
1 0.040000 0.452174 0.076522 0.229565
