1 0.783401 0.260306 0.192912 0.199139
1 0.496085 0.174622 0.236989 0.213263
1 0.653255 0.791809 0.203995 0.199075
1 0.169926 0.922266 0.218649 0.153227
1 0.931458 0.478201 0.137084 0.209311
1 0.695323 0.0832322 0.191415 0.166464
1 0.742634 0.93847 0.226186 0.121031
1 0.200367 0.580524 0.181262 0.231219
1 0.346333 0.790915 0.224393 0.210718
1 0.51136 0.932703 0.231279 0.134593
1 0.200429 0.324665 0.204213 0.224059
1 0.914254 0.797749 0.168766 0.22147
1 0.04582 0.0693659 0.089174 0.13767
1 0.0527692 0.583758 0.102141 0.215021
1 0.0491009 0.25692 0.0940161 0.232529
1 0.806712 0.639929 0.204177 0.230768
1 0.864499 0.0484131 0.19007 0.0964128
1 0.895928 0.277672 0.186684 0.19876
1 0.980806 0.0870553 0.0383872 0.174111
1 0.957403 0.686887 0.0851947 0.219107
1 0.188834 0.188381 0.191827 0.1754
2 0.115339 0.492037 0.0613536 0.0709046
1 0.351793 0.0139486 0.227311 0.0278972
0 0.501566 0.500392 0.38207 0.372361
