1 0.143029 0.111779 0.194712 0.213942
1 0.786058 0.164663 0.192308 0.199519
1 0.093750 0.818510 0.182692 0.194712
1 0.518029 0.543269 0.189904 0.168269
1 0.667067 0.677885 0.180288 0.221154
0 0.248798 0.485577 0.338942 0.423077
1 0.938702 0.605769 0.122596 0.187500
1 0.688702 0.912260 0.161058 0.170673
1 0.084135 0.324519 0.163462 0.192308
1 0.401442 0.925481 0.173077 0.144231
1 0.070913 0.625000 0.137019 0.187500
1 0.950721 0.157452 0.098558 0.175481
1 0.611779 0.347356 0.185096 0.213942
1 0.231971 0.931490 0.165865 0.137019
2 0.474760 0.122596 0.088942 0.096154
1 0.375000 0.760817 0.182692 0.228365
1 0.348558 0.188702 0.163462 0.165865
1 0.579327 0.246394 0.168269 0.189904
1 0.969952 0.895433 0.060096 0.209135
1 0.026442 0.460337 0.048077 0.175481
2 0.882212 0.477163 0.096154 0.122596
2 0.852163 0.018029 0.079327 0.031250
1 0.496394 0.036058 0.151442 0.067308
1 0.877404 0.745192 0.149038 0.211538
1 0.770433 0.949519 0.146635 0.100962
1 0.861779 0.634615 0.156250 0.177885
