1 0.671875 0.750000 0.165625 0.220833
0 0.159375 0.554167 0.312500 0.416667
1 0.549219 0.889583 0.148438 0.195833
1 0.692969 0.538542 0.160938 0.210417
1 0.829688 0.848958 0.165625 0.222917
1 0.560937 0.200000 0.175000 0.212500
1 0.071875 0.838542 0.140625 0.222917
1 0.947656 0.702083 0.101562 0.212500
1 0.858594 0.066667 0.151562 0.129167
1 0.389844 0.726042 0.173437 0.206250
1 0.376563 0.351042 0.175000 0.235417
1 0.058594 0.277083 0.114062 0.225000
1 0.171094 0.928125 0.170313 0.143750
1 0.407031 0.945833 0.164062 0.108333
1 0.660937 0.056250 0.165625 0.108333
1 0.909375 0.228125 0.175000 0.197917
1 0.664844 0.384375 0.182812 0.218750
1 0.764844 0.362500 0.157812 0.216667
1 0.233594 0.275000 0.142187 0.191667
1 0.924219 0.343750 0.151562 0.204167
1 0.492188 0.056250 0.168750 0.108333
1 0.971875 0.934375 0.056250 0.131250
1 0.381250 0.114583 0.184375 0.216667
1 0.980469 0.505208 0.039062 0.193750
1 0.024219 0.071875 0.045312 0.139583
2 0.282813 0.711458 0.071875 0.097917
1 0.182812 0.123958 0.190625 0.118750
