0 0.501563 0.177083 0.321875 0.333333
1 0.204687 0.611458 0.168750 0.202083
1 0.751563 0.715625 0.171875 0.206250
1 0.247656 0.353125 0.173437 0.222917
1 0.353125 0.710417 0.159375 0.204167
1 0.603125 0.509375 0.162500 0.214583
1 0.089063 0.326042 0.150000 0.202083
1 0.143750 0.878125 0.165625 0.189583
1 0.474219 0.717708 0.154688 0.206250
1 0.907813 0.670833 0.150000 0.212500
1 0.046094 0.834375 0.089063 0.193750
1 0.800000 0.257292 0.156250 0.189583
2 0.625000 0.925000 0.075000 0.095833
1 0.028906 0.158333 0.054688 0.195833
1 0.909375 0.175000 0.165625 0.216667
2 0.117969 0.030208 0.057813 0.056250
1 0.371875 0.979167 0.165625 0.041667
1 0.542969 0.982292 0.157812 0.035417
1 0.141406 0.122917 0.167187 0.195833
1 0.368750 0.448958 0.096875 0.239583
1 0.460156 0.452083 0.139063 0.241667
1 0.733594 0.917708 0.154688 0.156250
1 0.880469 0.888542 0.160938 0.202083
1 0.738281 0.428125 0.126562 0.231250
1 0.810937 0.489583 0.134375 0.166667
1 0.921094 0.417708 0.157812 0.202083
