1 0.716667 0.322314 0.205556 0.192837
1 0.947222 0.614325 0.105556 0.198347
1 0.054167 0.471074 0.102778 0.170799
1 0.276389 0.881543 0.236111 0.225895
1 0.625000 0.915978 0.216667 0.168044
1 0.783333 0.123967 0.194444 0.192837
1 0.423611 0.103306 0.208333 0.179063
1 0.134722 0.125344 0.225000 0.195592
1 0.780556 0.538567 0.222222 0.223140
1 0.020833 0.269972 0.036111 0.214876
1 0.661111 0.736915 0.227778 0.179063
1 0.440278 0.976584 0.197222 0.046832
1 0.781944 0.045455 0.197222 0.085399
0 0.509722 0.500000 0.363889 0.377410
