1 0.074783 0.330435 0.146087 0.274783
1 0.860870 0.575652 0.226087 0.267826
1 0.576522 0.908696 0.248696 0.182609
1 0.363478 0.819130 0.243478 0.253913
1 0.866957 0.116522 0.245217 0.229565
1 0.159130 0.641739 0.234783 0.260870
1 0.083478 0.945217 0.163478 0.109565
1 0.769565 0.790435 0.206957 0.241739
1 0.266087 0.276522 0.236522 0.295652
1 0.943478 0.804348 0.113043 0.318261
1 0.666957 0.053043 0.259130 0.102609
1 0.963478 0.259130 0.073043 0.236522
1 0.433913 0.046957 0.234783 0.090435
0 0.526957 0.534783 0.438261 0.453913
