1 0.318261 0.661739 0.253913 0.252174
1 0.901739 0.837391 0.196522 0.262609
1 0.713913 0.111304 0.255652 0.135652
1 0.306957 0.253043 0.248696 0.224348
1 0.152174 0.134783 0.234783 0.189565
1 0.915652 0.205217 0.168696 0.243478
1 0.144348 0.833043 0.236522 0.243478
1 0.263478 0.924348 0.248696 0.147826
0 0.505217 0.477391 0.321739 0.380870
1 0.727826 0.303478 0.224348 0.248696
1 0.853913 0.579130 0.222609 0.236522
1 0.125217 0.558261 0.229565 0.205217
1 0.706087 0.773913 0.219130 0.222609
1 0.541739 0.770435 0.200000 0.236522
1 0.629565 0.963478 0.246957 0.073043
1 0.813043 0.438261 0.231304 0.212174
1 0.092174 0.367826 0.180870 0.227826
1 0.214783 0.430435 0.227826 0.210435
