0 0.239183 0.870192 0.353365 0.259615
1 0.270433 0.606971 0.218750 0.223558
1 0.530048 0.453125 0.194712 0.233173
1 0.536058 0.651442 0.192308 0.250000
1 0.489183 0.915865 0.180288 0.168269
1 0.286058 0.187500 0.197115 0.245192
1 0.514423 0.102163 0.197115 0.199519
1 0.622596 0.269231 0.197115 0.225962
1 0.937500 0.360577 0.120192 0.221154
1 0.768029 0.492788 0.233173 0.293269
1 0.621394 0.799279 0.204327 0.213942
1 0.193510 0.372596 0.223558 0.250000
1 0.849760 0.848558 0.204327 0.250000
1 0.691106 0.973558 0.218750 0.052885
1 0.371394 0.433894 0.180288 0.252404
1 0.709135 0.088942 0.221154 0.173077
1 0.801683 0.216346 0.170673 0.254808
1 0.050481 0.111779 0.096154 0.218750
1 0.068510 0.587740 0.132212 0.247596
1 0.854567 0.710337 0.180288 0.141827
