1 0.888696 0.622609 0.222609 0.271304
1 0.525217 0.089565 0.267826 0.175652
1 0.798261 0.909565 0.226087 0.180870
1 0.218261 0.601739 0.224348 0.243478
1 0.229565 0.935652 0.243478 0.128696
1 0.282609 0.272174 0.231304 0.252174
1 0.599130 0.835652 0.245217 0.227826
1 0.756522 0.273913 0.253913 0.245217
1 0.153043 0.067826 0.250435 0.132174
1 0.847826 0.089565 0.273043 0.175652
1 0.103478 0.797391 0.203478 0.231304
1 0.972174 0.767826 0.055652 0.318261
0 0.508696 0.504348 0.422609 0.427826
1 0.070435 0.450435 0.137391 0.246957
