1 0.795312 0.262500 0.156250 0.208333
1 0.928125 0.286458 0.143750 0.202083
0 0.583594 0.848958 0.382812 0.293750
1 0.067187 0.793750 0.131250 0.195833
1 0.835156 0.494792 0.182812 0.277083
1 0.200781 0.711458 0.151562 0.172917
1 0.116406 0.332292 0.151562 0.193750
1 0.962500 0.728125 0.075000 0.218750
1 0.221875 0.482292 0.165625 0.185417
1 0.625000 0.547917 0.146875 0.208333
1 0.170313 0.237500 0.162500 0.220833
1 0.879687 0.887500 0.181250 0.225000
1 0.073438 0.948958 0.140625 0.102083
1 0.389844 0.094792 0.160938 0.185417
1 0.348438 0.756250 0.140625 0.187500
1 0.228125 0.923958 0.153125 0.152083
1 0.488281 0.629167 0.157812 0.229167
1 0.342969 0.161458 0.167187 0.202083
1 0.539844 0.521875 0.157812 0.210417
1 0.919531 0.028125 0.160938 0.052083
1 0.559375 0.261458 0.168750 0.231250
1 0.343750 0.504167 0.128125 0.158333
1 0.290625 0.388542 0.165625 0.189583
1 0.397656 0.423958 0.110937 0.164583
1 0.046094 0.178125 0.089063 0.227083
1 0.614062 0.325000 0.171875 0.175000
1 0.293750 0.676042 0.137500 0.193750
