1 0.159722 0.092287 0.202778 0.179063
1 0.073611 0.337466 0.141667 0.223140
1 0.905556 0.082645 0.188889 0.159780
1 0.183333 0.928375 0.238889 0.143251
1 0.937500 0.783747 0.125000 0.234160
1 0.195833 0.431129 0.158333 0.234160
1 0.901389 0.384298 0.197222 0.195592
1 0.220833 0.721763 0.219444 0.203857
1 0.597222 0.878788 0.233333 0.220386
1 0.948611 0.958678 0.102778 0.082645
1 0.640278 0.148760 0.263889 0.192837
1 0.769444 0.703857 0.238889 0.195592
1 0.501389 0.020661 0.230556 0.035813
1 0.975000 0.220386 0.050000 0.209366
1 0.975000 0.557851 0.050000 0.201102
2 0.011111 0.501377 0.016667 0.137741
0 0.501389 0.498623 0.575000 0.573003
