1 0.925217 0.891304 0.149565 0.213913
1 0.073043 0.207826 0.142609 0.227826
1 0.907826 0.538261 0.184348 0.248696
1 0.354783 0.140870 0.246957 0.215652
1 0.035652 0.824348 0.067826 0.260870
1 0.185217 0.755652 0.206957 0.248696
1 0.853043 0.067826 0.213913 0.132174
1 0.930435 0.345217 0.139130 0.196522
1 0.260870 0.344348 0.246957 0.233043
1 0.620870 0.186087 0.240000 0.233043
1 0.189565 0.039130 0.219130 0.074783
1 0.719130 0.965217 0.238261 0.069565
1 0.027826 0.458261 0.052174 0.245217
1 0.709565 0.302609 0.260870 0.208696
1 0.421739 0.018261 0.234783 0.033043
0 0.546957 0.517391 0.429565 0.412174
2 0.680870 0.096522 0.116522 0.113043
