0 0.491587 0.631010 0.257212 0.353365
1 0.150240 0.901442 0.175481 0.197115
1 0.764423 0.375000 0.192308 0.192308
1 0.638221 0.221154 0.185096 0.230769
1 0.064904 0.524038 0.125000 0.197115
2 0.875000 0.859375 0.072115 0.079327
1 0.135817 0.185096 0.194712 0.192308
1 0.153846 0.687500 0.149038 0.187500
1 0.217548 0.445913 0.204327 0.194712
1 0.294471 0.652644 0.175481 0.242788
2 0.433894 0.372596 0.079327 0.081731
1 0.466346 0.906250 0.163462 0.187500
1 0.307692 0.265625 0.182692 0.223558
1 0.485577 0.030048 0.177885 0.055288
1 0.926683 0.634615 0.146635 0.250000
1 0.918269 0.931490 0.163462 0.137019
1 0.704327 0.766827 0.206731 0.230769
1 0.316106 0.907452 0.180288 0.180288
1 0.712740 0.084135 0.204327 0.163462
1 0.835337 0.182692 0.170673 0.240385
1 0.042067 0.882212 0.079327 0.206731
1 0.544471 0.885817 0.170673 0.165865
1 0.103365 0.073317 0.149038 0.141827
1 0.276442 0.105769 0.158654 0.163462
