0 0.278125 0.495833 0.450000 0.504167
1 0.621875 0.826042 0.146875 0.197917
1 0.180469 0.106250 0.170313 0.208333
1 0.775000 0.067708 0.131250 0.131250
1 0.640625 0.458333 0.178125 0.212500
1 0.917969 0.661458 0.164062 0.222917
1 0.926562 0.847917 0.137500 0.166667
1 0.761719 0.648958 0.167187 0.218750
1 0.418750 0.747917 0.162500 0.183333
1 0.926562 0.257292 0.146875 0.235417
1 0.612500 0.067708 0.162500 0.131250
1 0.085938 0.872917 0.165625 0.208333
1 0.935937 0.028125 0.128125 0.052083
1 0.539844 0.278125 0.176563 0.231250
1 0.753906 0.269792 0.189062 0.227083
1 0.673438 0.707292 0.168750 0.227083
1 0.828906 0.453125 0.167187 0.177083
1 0.132031 0.963542 0.173437 0.072917
1 0.985938 0.934375 0.028125 0.131250
1 0.298438 0.803125 0.168750 0.189583
1 0.072656 0.287500 0.139063 0.237500
1 0.692969 0.983333 0.157812 0.033333
1 0.430469 0.935417 0.160938 0.129167
1 0.316406 0.930208 0.160938 0.139583
1 0.820312 0.818750 0.087500 0.191667
1 0.354687 0.225000 0.193750 0.208333
1 0.407813 0.111458 0.162500 0.164583
1 0.418750 0.058333 0.171875 0.112500
1 0.948438 0.339583 0.103125 0.200000
