1 0.444444 0.903581 0.216667 0.187328
1 0.722222 0.196970 0.216667 0.267218
1 0.219444 0.853994 0.233333 0.225895
1 0.654167 0.910468 0.169444 0.179063
1 0.220833 0.601928 0.213889 0.239669
1 0.923611 0.198347 0.152778 0.253444
1 0.080556 0.487603 0.155556 0.220386
1 0.759722 0.654270 0.180556 0.239669
1 0.483333 0.045455 0.188889 0.085399
1 0.966667 0.429752 0.066667 0.203857
1 0.138889 0.938017 0.127778 0.123967
1 0.868056 0.607438 0.241667 0.223140
1 0.956944 0.648760 0.086111 0.228650
1 0.030556 0.942149 0.055556 0.115702
1 0.093056 0.101928 0.180556 0.198347
1 0.923611 0.084022 0.152778 0.162534
1 0.875000 0.878788 0.250000 0.214876
0 0.506944 0.495868 0.347222 0.374656
1 0.622222 0.803030 0.161111 0.173554
1 0.108333 0.071625 0.150000 0.137741
1 0.883333 0.932507 0.233333 0.134986
