1 0.218750 0.203125 0.211538 0.204327
0 0.241587 0.545673 0.463942 0.370192
1 0.442308 0.197115 0.216346 0.206731
1 0.816106 0.344952 0.233173 0.204327
1 0.052885 0.243990 0.100962 0.185096
1 0.903846 0.717548 0.192308 0.189904
1 0.758413 0.570913 0.209135 0.204327
1 0.338942 0.902644 0.221154 0.180288
1 0.683894 0.146635 0.286058 0.225962
1 0.580529 0.909856 0.199519 0.165865
1 0.103365 0.854567 0.201923 0.175481
1 0.959135 0.231971 0.081731 0.185096
1 0.100962 0.067308 0.197115 0.129808
1 0.665865 0.760817 0.240385 0.170673
1 0.055288 0.695913 0.105769 0.156250
2 0.455529 0.781250 0.079327 0.067308
1 0.974760 0.447115 0.050481 0.216346
1 0.870192 0.092548 0.235577 0.180288
1 0.812500 0.961538 0.245192 0.076923
