1 0.756944 0.652893 0.202778 0.214876
1 0.113889 0.508264 0.222222 0.217631
1 0.916667 0.511019 0.166667 0.234160
1 0.702778 0.915978 0.227778 0.168044
1 0.130556 0.303030 0.216667 0.220386
1 0.066667 0.714876 0.122222 0.217631
1 0.040278 0.914601 0.075000 0.165289
1 0.550000 0.168044 0.211111 0.214876
1 0.462500 0.900826 0.225000 0.198347
1 0.188889 0.869146 0.211111 0.234160
1 0.894444 0.844353 0.211111 0.234160
1 0.887500 0.260331 0.213889 0.206612
1 0.359722 0.049587 0.202778 0.093664
1 0.825000 0.084022 0.227778 0.162534
1 0.047222 0.108815 0.088889 0.206612
1 0.755556 0.413223 0.183333 0.247934
1 0.919444 0.060606 0.161111 0.115702
1 0.145833 0.042700 0.197222 0.079890
0 0.500000 0.505510 0.338889 0.366391
