1 0.920870 0.554783 0.158261 0.243478
1 0.059130 0.915652 0.114783 0.168696
1 0.216522 0.898261 0.189565 0.203478
1 0.890435 0.100870 0.219130 0.198261
1 0.056522 0.053913 0.109565 0.104348
1 0.286087 0.071304 0.245217 0.139130
1 0.721739 0.901739 0.250435 0.196522
1 0.084348 0.708696 0.165217 0.217391
1 0.140000 0.200870 0.234783 0.217391
1 0.773043 0.258261 0.280000 0.245217
1 0.666957 0.072174 0.241739 0.140870
1 0.958261 0.800870 0.083478 0.259130
1 0.460000 0.941739 0.245217 0.116522
1 0.187826 0.433043 0.226087 0.240000
1 0.272174 0.528696 0.220870 0.274783
1 0.374783 0.776522 0.241739 0.217391
0 0.510435 0.526087 0.523478 0.707826
