1 0.072222 0.862259 0.138889 0.198347
1 0.901389 0.057851 0.197222 0.110193
1 0.918056 0.910468 0.158333 0.173554
1 0.252778 0.911846 0.216667 0.176309
1 0.745833 0.093664 0.175000 0.181818
1 0.787500 0.207989 0.208333 0.206612
1 0.829167 0.717631 0.219444 0.217631
1 0.194444 0.137741 0.172222 0.269972
1 0.529167 0.782369 0.236111 0.209366
1 0.881944 0.479339 0.236111 0.203857
1 0.280556 0.739669 0.233333 0.184573
1 0.975000 0.714876 0.050000 0.190083
1 0.368056 0.330579 0.219444 0.187328
1 0.372222 0.140496 0.211111 0.214876
1 0.316667 0.067493 0.227778 0.129477
0 0.500000 0.505510 0.294444 0.349862
1 0.986111 0.155647 0.027778 0.173554
1 0.523611 0.972452 0.269444 0.055096
1 0.045833 0.033058 0.086111 0.060606
