1 0.682692 0.736779 0.187500 0.209135
1 0.828125 0.461538 0.165865 0.206731
1 0.129808 0.731971 0.211538 0.213942
1 0.399038 0.873798 0.187500 0.199519
1 0.078125 0.228365 0.151442 0.206731
1 0.118990 0.925481 0.213942 0.149038
1 0.673077 0.391827 0.177885 0.225962
1 0.298077 0.707933 0.177885 0.209135
1 0.842548 0.103365 0.175481 0.201923
1 0.951923 0.475962 0.096154 0.235577
1 0.669471 0.162260 0.213942 0.199519
1 0.497596 0.816106 0.192308 0.218750
1 0.459135 0.169471 0.201923 0.233173
1 0.740385 0.938702 0.230769 0.122596
1 0.870192 0.789663 0.197115 0.218750
1 0.121394 0.530048 0.165865 0.189904
1 0.591346 0.068510 0.173077 0.132212
1 0.024038 0.068510 0.043269 0.132212
0 0.413462 0.451923 0.283654 0.365385
1 0.362981 0.087740 0.197115 0.170673
1 0.459135 0.973558 0.192308 0.052885
1 0.896635 0.258413 0.177885 0.209135
2 0.721154 0.864183 0.067308 0.060096
1 0.838942 0.674279 0.115385 0.141827
1 0.219952 0.501202 0.137019 0.218750
