1 0.213889 0.442149 0.211111 0.223140
1 0.076389 0.611570 0.147222 0.225895
1 0.545833 0.056474 0.213889 0.107438
1 0.777778 0.045455 0.233333 0.085399
1 0.905556 0.840220 0.188889 0.253444
1 0.600000 0.950413 0.222222 0.099174
1 0.922222 0.517906 0.155556 0.269972
1 0.390278 0.199725 0.213889 0.256198
1 0.072222 0.957300 0.138889 0.085399
1 0.393056 0.903581 0.236111 0.187328
1 0.205556 0.073003 0.238889 0.140496
1 0.129167 0.243802 0.236111 0.228650
1 0.683333 0.199725 0.233333 0.245179
1 0.248611 0.618457 0.213889 0.234160
1 0.944444 0.290634 0.111111 0.206612
1 0.266667 0.958678 0.227778 0.082645
1 0.143056 0.822314 0.202778 0.217631
1 0.965278 0.092287 0.069444 0.179063
1 0.741667 0.701102 0.244444 0.261708
1 0.429167 0.760331 0.247222 0.187328
2 0.515278 0.166667 0.075000 0.079890
0 0.509722 0.509642 0.391667 0.391185
