1 0.068056 0.637741 0.130556 0.212121
1 0.788889 0.805785 0.200000 0.195592
1 0.058333 0.336088 0.111111 0.242424
1 0.223611 0.601928 0.169444 0.179063
1 0.066667 0.876033 0.127778 0.214876
1 0.125000 0.148760 0.211111 0.209366
1 0.940278 0.701102 0.119444 0.179063
1 0.293056 0.285124 0.213889 0.217631
1 0.863889 0.143251 0.233333 0.231405
1 0.845833 0.464187 0.213889 0.217631
1 0.977778 0.388430 0.044444 0.231405
1 0.490278 0.833333 0.247222 0.234160
1 0.512500 0.159780 0.225000 0.198347
1 0.206944 0.965565 0.252778 0.068871
1 0.925000 0.906336 0.150000 0.187328
1 0.179167 0.017906 0.197222 0.030303
2 0.726389 0.227273 0.091667 0.074380
2 0.758333 0.670799 0.077778 0.096419
0 0.513889 0.501377 0.422222 0.435262
