1 0.931944 0.466942 0.136111 0.239669
1 0.301389 0.804408 0.186111 0.220386
1 0.111111 0.096419 0.216667 0.187328
1 0.747222 0.914601 0.216667 0.165289
1 0.095833 0.807163 0.186111 0.253444
1 0.902778 0.236915 0.194444 0.231405
1 0.338889 0.192837 0.222222 0.247934
1 0.836111 0.079890 0.255556 0.154270
1 0.127778 0.333333 0.250000 0.258953
1 0.238889 0.560606 0.183333 0.201102
1 0.873611 0.719008 0.186111 0.275482
1 0.758333 0.662534 0.205556 0.223140
1 0.450000 0.939394 0.244444 0.121212
1 0.022222 0.458678 0.038889 0.234160
1 0.376389 0.713499 0.197222 0.220386
1 0.218056 0.976584 0.213889 0.046832
1 0.648611 0.019284 0.247222 0.033058
1 0.984722 0.807163 0.030556 0.225895
0 0.501389 0.495868 0.491667 0.385675
