1 0.211111 0.089532 0.211111 0.173554
1 0.220833 0.754821 0.180556 0.181818
1 0.252778 0.286501 0.211111 0.209366
1 0.093056 0.399449 0.180556 0.220386
1 0.933333 0.851240 0.133333 0.203857
1 0.223611 0.561983 0.197222 0.209366
1 0.065278 0.596419 0.125000 0.206612
1 0.070833 0.815427 0.136111 0.220386
1 0.937500 0.141873 0.125000 0.206612
1 0.176389 0.929752 0.208333 0.140496
1 0.751389 0.898072 0.213889 0.203857
1 0.041667 0.179063 0.077778 0.214876
1 0.409722 0.801653 0.202778 0.231405
1 0.591667 0.090909 0.194444 0.176309
1 0.808333 0.680441 0.211111 0.236915
1 0.608333 0.752066 0.211111 0.209366
1 0.805556 0.500000 0.200000 0.245179
1 0.065278 0.028926 0.125000 0.052342
1 0.776389 0.241047 0.219444 0.217631
1 0.972222 0.269972 0.055556 0.198347
1 0.944444 0.528926 0.111111 0.209366
1 0.959722 0.633609 0.080556 0.203857
1 0.041667 0.962810 0.077778 0.074380
0 0.506944 0.473829 0.380556 0.374656
1 0.733333 0.166667 0.194444 0.168044
