0 0.570913 0.419471 0.348558 0.435096
1 0.449519 0.759615 0.182692 0.225962
1 0.532452 0.097356 0.185096 0.185096
1 0.753606 0.603365 0.218750 0.259615
1 0.429087 0.093750 0.185096 0.182692
1 0.246394 0.902644 0.194712 0.185096
1 0.044471 0.358173 0.084135 0.211538
1 0.931490 0.165865 0.137019 0.225962
1 0.942308 0.789663 0.115385 0.228365
1 0.756010 0.052885 0.189904 0.100962
2 0.902644 0.538462 0.079327 0.086538
1 0.855769 0.909856 0.173077 0.180288
1 0.193510 0.379808 0.185096 0.216346
1 0.143029 0.965144 0.209135 0.069712
2 0.254808 0.143029 0.062500 0.064904
1 0.073317 0.021635 0.141827 0.038462
1 0.304087 0.693510 0.175481 0.223558
1 0.140625 0.117788 0.204327 0.206731
1 0.277644 0.353365 0.127404 0.192308
1 0.788462 0.951923 0.134615 0.096154
1 0.313702 0.027644 0.194712 0.050481
1 0.352163 0.555288 0.170673 0.221154
