1 0.077778 0.093664 0.150000 0.181818
1 0.105556 0.707989 0.205556 0.209366
1 0.945833 0.264463 0.108333 0.236915
1 0.081944 0.911846 0.158333 0.176309
1 0.930556 0.490358 0.138889 0.220386
1 0.187500 0.190083 0.225000 0.236915
1 0.830556 0.954545 0.200000 0.090909
1 0.693056 0.267218 0.252778 0.214876
1 0.458333 0.115702 0.227778 0.220386
1 0.795833 0.330579 0.186111 0.220386
1 0.973611 0.815427 0.052778 0.214876
1 0.719444 0.077135 0.222222 0.148760
1 0.348611 0.915978 0.236111 0.162534
1 0.270833 0.363636 0.202778 0.225895
1 0.359722 0.279614 0.180556 0.195592
1 0.388889 0.968320 0.238889 0.063361
1 0.612500 0.024793 0.230556 0.044077
0 0.502778 0.505510 0.372222 0.366391
1 0.733333 0.024793 0.233333 0.044077
