1 0.084722 0.494490 0.163889 0.190083
1 0.100000 0.216253 0.194444 0.234160
1 0.663889 0.765840 0.216667 0.181818
1 0.694444 0.915978 0.238889 0.168044
1 0.072222 0.906336 0.138889 0.187328
1 0.881944 0.166667 0.208333 0.190083
1 0.658333 0.144628 0.227778 0.250689
1 0.847222 0.381543 0.222222 0.228650
1 0.366667 0.830579 0.216667 0.223140
1 0.265278 0.093664 0.280556 0.181818
1 0.854167 0.612948 0.241667 0.239669
1 0.444444 0.955923 0.244444 0.088154
1 0.891667 0.827824 0.216667 0.206612
1 0.119444 0.695592 0.233333 0.223140
1 0.176389 0.417355 0.219444 0.245179
1 0.966667 0.942149 0.066667 0.115702
1 0.204167 0.968320 0.236111 0.063361
0 0.501389 0.498623 0.425000 0.446281
