1 0.098611 0.537190 0.191667 0.214876
1 0.370833 0.844353 0.230556 0.228650
1 0.934722 0.487603 0.130556 0.225895
1 0.909722 0.260331 0.180556 0.223140
1 0.230556 0.037190 0.255556 0.068871
1 0.951389 0.057851 0.097222 0.110193
1 0.876389 0.910468 0.241667 0.179063
1 0.566667 0.913223 0.216667 0.173554
1 0.719444 0.066116 0.250000 0.126722
1 0.954167 0.738292 0.091667 0.242424
1 0.140278 0.888430 0.202778 0.223140
1 0.247222 0.683196 0.211111 0.214876
1 0.131944 0.256198 0.225000 0.247934
1 0.629167 0.734160 0.219444 0.206612
1 0.061111 0.717631 0.116667 0.206612
1 0.433333 0.187328 0.233333 0.225895
1 0.486111 0.035813 0.227778 0.066116
1 0.768056 0.497245 0.197222 0.250689
1 0.211111 0.468320 0.222222 0.214876
0 0.504167 0.495868 0.330556 0.319559
