1 0.906944 0.539945 0.186111 0.214876
1 0.225000 0.730028 0.216667 0.214876
1 0.759722 0.392562 0.197222 0.195592
1 0.305556 0.917355 0.238889 0.159780
1 0.284722 0.615702 0.202778 0.212121
1 0.098611 0.537190 0.191667 0.231405
1 0.933333 0.322314 0.133333 0.225895
1 0.623611 0.057851 0.169444 0.110193
1 0.590278 0.871901 0.208333 0.234160
1 0.352778 0.213499 0.244444 0.223140
1 0.811111 0.885675 0.205556 0.223140
1 0.168056 0.086777 0.241667 0.168044
1 0.725000 0.687328 0.222222 0.195592
1 0.036111 0.845730 0.066667 0.203857
0 0.501389 0.501377 0.263889 0.275482
1 0.880556 0.037190 0.233333 0.068871
