1 0.113889 0.842975 0.222222 0.203857
1 0.041667 0.104683 0.077778 0.203857
1 0.693056 0.144628 0.236111 0.239669
1 0.580556 0.942149 0.250000 0.115702
1 0.320833 0.738292 0.247222 0.258953
1 0.963889 0.869146 0.072222 0.212121
1 0.862500 0.548209 0.252778 0.209366
1 0.105556 0.174931 0.200000 0.223140
1 0.937500 0.225895 0.125000 0.258953
1 0.666667 0.707989 0.255556 0.225895
1 0.829167 0.037190 0.258333 0.068871
0 0.502778 0.500000 0.300000 0.278237
1 0.158333 0.030303 0.250000 0.055096
1 0.104167 0.548209 0.202778 0.242424
2 0.841667 0.877410 0.077778 0.090909
2 0.198611 0.468320 0.113889 0.110193
1 0.923611 0.453168 0.152778 0.223140
1 0.119444 0.637741 0.211111 0.212121
