1 0.237981 0.835337 0.197115 0.228365
1 0.402644 0.949519 0.180288 0.100962
0 0.423077 0.149038 0.302885 0.283654
1 0.798077 0.493990 0.168269 0.218750
1 0.187500 0.574519 0.201923 0.225962
1 0.396635 0.393029 0.197115 0.223558
1 0.650240 0.816106 0.185096 0.223558
1 0.039663 0.908654 0.074519 0.182692
1 0.044471 0.165865 0.084135 0.230769
1 0.631010 0.447115 0.213942 0.221154
1 0.728365 0.245192 0.153846 0.192308
1 0.972356 0.516827 0.055288 0.206731
1 0.515625 0.594952 0.194712 0.233173
1 0.906250 0.951923 0.153846 0.096154
2 0.883413 0.194712 0.074519 0.076923
1 0.721154 0.066106 0.216346 0.127404
1 0.814904 0.943510 0.192308 0.112981
1 0.814904 0.715144 0.192308 0.228365
1 0.971154 0.063702 0.057692 0.122596
1 0.661058 0.230769 0.149038 0.163462
1 0.925481 0.087740 0.149038 0.170673
1 0.657452 0.984375 0.137019 0.031250
1 0.966346 0.795673 0.067308 0.206731
1 0.111779 0.574519 0.112981 0.245192
