1 0.821193 0.28906 0.211409 0.193323
0 0.869216 0.768804 0.253791 0.31742
1 0.616624 0.737409 0.215876 0.215932
1 0.522623 0.260971 0.25306 0.23274
1 0.201305 0.640936 0.247869 0.181821
1 0.102078 0.466287 0.204157 0.194732
1 0.285778 0.345205 0.255201 0.20732
1 0.280667 0.849693 0.228623 0.156196
1 0.948846 0.16394 0.102308 0.170464
1 0.0656013 0.201539 0.129434 0.15783
1 0.847424 0.0425864 0.242979 0.0851728
1 0.773486 0.614107 0.229044 0.177884
1 0.403273 0.956574 0.235917 0.0868527
1 0.168988 0.975837 0.252553 0.0483251
1 0.405337 0.699438 0.22733 0.176419
1 0.0538004 0.0544181 0.10654 0.107066
