1 0.067826 0.662609 0.132174 0.236522
1 0.730435 0.866957 0.222609 0.262609
1 0.060000 0.239130 0.116522 0.238261
1 0.916522 0.942609 0.166957 0.114783
1 0.237391 0.573913 0.217391 0.236522
1 0.808696 0.222609 0.243478 0.253913
1 0.960870 0.199130 0.078261 0.273043
1 0.178261 0.933043 0.210435 0.133913
1 0.236522 0.358261 0.187826 0.222609
1 0.053043 0.438261 0.102609 0.226087
1 0.536522 0.086957 0.175652 0.170435
1 0.352174 0.202609 0.255652 0.238261
1 0.373913 0.782609 0.222609 0.222609
1 0.946957 0.774783 0.106087 0.210435
1 0.712174 0.044348 0.255652 0.085217
1 0.507826 0.817391 0.215652 0.236522
1 0.908696 0.531304 0.182609 0.248696
0 0.561739 0.479130 0.560000 0.499130
1 0.938261 0.635652 0.123478 0.231304
