1 0.373913 0.916522 0.201739 0.166957
1 0.816522 0.676522 0.238261 0.240000
1 0.761739 0.093913 0.246957 0.184348
1 0.104348 0.837391 0.205217 0.231304
1 0.102609 0.148696 0.201739 0.245217
1 0.577391 0.921739 0.205217 0.156522
1 0.785217 0.897391 0.213913 0.205217
1 0.926087 0.877391 0.147826 0.210435
1 0.270435 0.061739 0.238261 0.120000
1 0.792174 0.310435 0.252174 0.252174
1 0.962609 0.349565 0.074783 0.260870
1 0.153043 0.613913 0.201739 0.246957
1 0.642609 0.275652 0.210435 0.210435
1 0.101739 0.497391 0.200000 0.236522
1 0.164348 0.366957 0.213913 0.187826
0 0.466957 0.533043 0.481739 0.467826
1 0.272174 0.287826 0.193043 0.196522
