0 0.818510 0.502404 0.362981 0.355769
1 0.364183 0.788462 0.209135 0.182692
1 0.257212 0.230769 0.206731 0.177885
1 0.256010 0.514423 0.213942 0.177885
1 0.096154 0.860577 0.182692 0.177885
2 0.049279 0.361779 0.088942 0.079327
2 0.969952 0.888221 0.060096 0.064904
1 0.304087 0.075721 0.233173 0.146635
1 0.825721 0.076923 0.199519 0.149038
1 0.469952 0.388221 0.223558 0.175481
1 0.727163 0.180288 0.194712 0.158654
1 0.635817 0.745192 0.237981 0.192308
1 0.134615 0.954327 0.216346 0.091346
1 0.258413 0.645433 0.213942 0.156250
1 0.665865 0.914663 0.201923 0.146635
1 0.563702 0.242788 0.189904 0.158654
1 0.072115 0.224760 0.139423 0.209135
1 0.543269 0.602163 0.245192 0.137019
1 0.534856 0.518029 0.237981 0.170673
1 0.884615 0.861779 0.230769 0.165865
1 0.855769 0.780048 0.216346 0.103365
1 0.497596 0.182692 0.163462 0.182692
1 0.576923 0.078125 0.293269 0.151442
