1 0.056944 0.528926 0.108333 0.214876
1 0.351389 0.922865 0.219444 0.154270
1 0.081944 0.097796 0.158333 0.190083
1 0.698611 0.100551 0.241667 0.195592
1 0.443056 0.110193 0.230556 0.214876
1 0.844444 0.633609 0.216667 0.242424
1 0.886111 0.257576 0.227778 0.234160
1 0.194444 0.797521 0.227778 0.223140
1 0.086111 0.929752 0.166667 0.140496
1 0.537500 0.827824 0.208333 0.234160
1 0.165278 0.359504 0.225000 0.234160
1 0.836111 0.895317 0.250000 0.209366
1 0.250000 0.603306 0.211111 0.225895
1 0.025000 0.330579 0.044444 0.203857
1 0.306944 0.185950 0.202778 0.212121
1 0.563889 0.971074 0.233333 0.057851
1 0.980556 0.622590 0.038889 0.231405
1 0.986111 0.899449 0.027778 0.201102
0 0.505556 0.497245 0.477778 0.449036
