1 0.326957 0.110435 0.219130 0.217391
1 0.139130 0.922609 0.243478 0.154783
1 0.822609 0.105217 0.222609 0.206957
1 0.108696 0.201739 0.213913 0.281739
1 0.560000 0.093913 0.233043 0.184348
1 0.899130 0.793913 0.201739 0.245217
1 0.166087 0.481739 0.213913 0.253913
1 0.959130 0.446957 0.081739 0.253913
1 0.798261 0.548696 0.215652 0.307826
1 0.504348 0.873913 0.215652 0.206957
1 0.857391 0.447826 0.222609 0.213913
0 0.482609 0.413043 0.467826 0.544348
1 0.374783 0.973043 0.276522 0.053913
1 0.155652 0.726957 0.266087 0.226087
1 0.316522 0.726087 0.233043 0.231304
1 0.635652 0.807826 0.196522 0.210435
