1 0.933043 0.788696 0.133913 0.283478
1 0.227826 0.615652 0.271304 0.281739
1 0.338261 0.853043 0.238261 0.224348
1 0.178261 0.340000 0.238261 0.255652
1 0.760870 0.773913 0.234783 0.246957
1 0.466957 0.125217 0.252174 0.246957
1 0.054783 0.504348 0.106087 0.257391
1 0.763478 0.133913 0.229565 0.236522
1 0.503478 0.953043 0.255652 0.093913
0 0.513043 0.483478 0.445217 0.462609
1 0.220870 0.097391 0.215652 0.191304
1 0.942609 0.147826 0.114783 0.246957
1 0.838261 0.395652 0.222609 0.224348
1 0.653913 0.940000 0.226087 0.120000
