0 0.469952 0.135817 0.334135 0.266827
1 0.426683 0.641827 0.175481 0.192308
1 0.689904 0.687500 0.201923 0.225962
1 0.605769 0.289663 0.168269 0.218750
1 0.324519 0.463942 0.225962 0.235577
1 0.858173 0.700721 0.192308 0.209135
1 0.930288 0.164663 0.139423 0.209135
1 0.753606 0.456731 0.185096 0.197115
1 0.274038 0.263221 0.182692 0.194712
1 0.127404 0.236779 0.158654 0.223558
1 0.915865 0.492788 0.168269 0.235577
1 0.044471 0.262019 0.084135 0.206731
1 0.745192 0.262019 0.187500 0.211538
2 0.055288 0.143029 0.067308 0.069712
1 0.039663 0.397837 0.074519 0.209135
1 0.447115 0.888221 0.201923 0.204327
1 0.057692 0.055288 0.110577 0.105769
1 0.152644 0.548077 0.199519 0.173077
1 0.135817 0.938702 0.194712 0.122596
1 0.591346 0.959135 0.250000 0.081731
1 0.900240 0.050481 0.194712 0.096154
1 0.034856 0.572115 0.064904 0.221154
1 0.867788 0.417067 0.177885 0.185096
1 0.043269 0.823317 0.081731 0.218750
1 0.218750 0.079327 0.153846 0.153846
1 0.301683 0.854567 0.185096 0.185096
2 0.796875 0.878606 0.055288 0.055288
