0 0.283843 0.544997 0.349128 0.427455
1 0.717218 0.128297 0.177003 0.196463
1 0.599215 0.860378 0.167385 0.187438
1 0.504591 0.0805737 0.176248 0.161147
1 0.0522764 0.172465 0.101843 0.210799
1 0.412399 0.227114 0.162288 0.217006
1 0.832773 0.879898 0.181349 0.213584
1 0.870908 0.355752 0.179676 0.217061
1 0.259538 0.198564 0.186693 0.195195
1 0.951014 0.848174 0.0973736 0.202298
1 0.574265 0.488263 0.166506 0.213651
1 0.0578019 0.880587 0.115604 0.197278
1 0.546558 0.296478 0.183712 0.21645
1 0.431623 0.923476 0.160701 0.153048
2 0.0399058 0.704803 0.0620415 0.0693948
1 0.132381 0.326838 0.171439 0.21975
1 0.0601743 0.525392 0.120349 0.210463
1 0.510185 0.658116 0.195213 0.197034
1 0.822498 0.627884 0.1963 0.237185
1 0.283926 0.858757 0.169633 0.18914
1 0.346802 0.0728422 0.155076 0.141069
1 0.975864 0.221503 0.0478673 0.213938
1 0.962594 0.663075 0.0748115 0.237956
1 0.792821 0.0922769 0.179765 0.184554
1 0.932965 0.0622118 0.134069 0.124424
1 0.183611 0.0908232 0.19699 0.181646
