1 0.923611 0.922865 0.147222 0.154270
1 0.730556 0.915978 0.188889 0.168044
1 0.912500 0.250689 0.175000 0.209366
1 0.427778 0.095041 0.205556 0.184573
1 0.198611 0.090909 0.213889 0.176309
1 0.073611 0.417355 0.141667 0.217631
1 0.554167 0.231405 0.175000 0.203857
1 0.937500 0.064738 0.125000 0.123967
1 0.688889 0.081267 0.227778 0.157025
1 0.936111 0.720386 0.127778 0.206612
1 0.290278 0.960055 0.191667 0.079890
1 0.247222 0.502755 0.194444 0.245179
1 0.040278 0.871901 0.075000 0.212121
1 0.858333 0.455923 0.211111 0.190083
1 0.213889 0.812672 0.211111 0.203857
1 0.693056 0.705234 0.230556 0.214876
1 0.506944 0.954545 0.202778 0.090909
1 0.280556 0.280992 0.244444 0.187328
0 0.501389 0.502755 0.308333 0.316804
