1 0.506010 0.506010 0.161058 0.189904
0 0.652644 0.235577 0.338942 0.442308
1 0.893029 0.329327 0.165865 0.201923
1 0.081731 0.951923 0.158654 0.096154
1 0.507212 0.824519 0.168269 0.206731
1 0.629808 0.603365 0.168269 0.206731
1 0.138221 0.079327 0.165865 0.153846
1 0.798077 0.524038 0.192308 0.221154
1 0.382212 0.103365 0.187500 0.197115
1 0.331731 0.539663 0.163462 0.209135
1 0.378606 0.334135 0.170673 0.173077
1 0.236779 0.703125 0.180288 0.213942
1 0.121394 0.502404 0.170673 0.187500
1 0.950721 0.502404 0.098558 0.201923
1 0.637019 0.819712 0.197115 0.216346
1 0.334135 0.856971 0.192308 0.228365
1 0.086538 0.765625 0.168269 0.237981
1 0.765625 0.937500 0.165865 0.125000
2 0.235577 0.034856 0.072115 0.064904
1 0.849760 0.750000 0.151442 0.216346
1 0.427885 0.975962 0.197115 0.048077
1 0.311298 0.179087 0.180288 0.165865
1 0.036058 0.270433 0.067308 0.228365
1 0.206731 0.474760 0.173077 0.223558
2 0.953125 0.614183 0.060096 0.069712
1 0.961538 0.793269 0.076923 0.201923
