0 0.131010 0.810096 0.257212 0.379808
1 0.385817 0.229567 0.199519 0.209135
1 0.868990 0.448317 0.185096 0.185096
1 0.638221 0.109375 0.194712 0.209135
1 0.542067 0.823317 0.175481 0.209135
1 0.903846 0.171875 0.163462 0.204327
1 0.056490 0.134615 0.108173 0.211538
1 0.278846 0.087740 0.221154 0.165865
1 0.579327 0.967548 0.182692 0.064904
1 0.879808 0.834135 0.173077 0.197115
1 0.096154 0.554087 0.177885 0.180288
1 0.490385 0.683894 0.187500 0.223558
1 0.368990 0.710337 0.175481 0.180288
2 0.786058 0.088942 0.072115 0.076923
1 0.655048 0.325721 0.165865 0.204327
2 0.871394 0.271635 0.064904 0.067308
1 0.133413 0.310096 0.180288 0.211538
2 0.975962 0.550481 0.048077 0.072115
2 0.299279 0.546875 0.093750 0.127404
1 0.040865 0.429087 0.076923 0.180288
1 0.296875 0.385817 0.185096 0.204327
1 0.924279 0.969952 0.141827 0.060096
1 0.614183 0.419471 0.170673 0.175481
1 0.210337 0.347356 0.151442 0.170673
1 0.675481 0.635817 0.211538 0.257212
1 0.985577 0.116587 0.028846 0.175481
1 0.326923 0.948317 0.192308 0.103365
1 0.742788 0.783654 0.129808 0.192308
