1 0.893043 0.101739 0.210435 0.200000
1 0.311304 0.790435 0.240000 0.241739
1 0.791304 0.733043 0.253913 0.262609
1 0.926087 0.930435 0.147826 0.139130
1 0.178261 0.096522 0.245217 0.189565
1 0.125217 0.650435 0.184348 0.233043
1 0.755652 0.268696 0.231304 0.241739
1 0.507826 0.132174 0.253913 0.260870
1 0.933913 0.315652 0.132174 0.238261
1 0.232174 0.350435 0.248696 0.273043
1 0.074783 0.375652 0.146087 0.253913
1 0.213043 0.961739 0.200000 0.076522
1 0.537391 0.871304 0.236522 0.257391
1 0.884348 0.533043 0.227826 0.227826
1 0.667826 0.913043 0.233043 0.170435
1 0.956522 0.611304 0.086957 0.241739
1 0.036522 0.708696 0.069565 0.217391
0 0.513913 0.513913 0.419130 0.446957
