1 0.513281 0.212500 0.157812 0.204167
1 0.387500 0.862500 0.162500 0.204167
1 0.753906 0.147917 0.160938 0.191667
1 0.583594 0.637500 0.179688 0.191667
1 0.078125 0.685417 0.153125 0.220833
1 0.297656 0.275000 0.164062 0.183333
1 0.853125 0.434375 0.184375 0.239583
1 0.506250 0.775000 0.146875 0.179167
0 0.180469 0.897917 0.317188 0.204167
1 0.360156 0.102083 0.201563 0.200000
1 0.703906 0.833333 0.151562 0.208333
1 0.562500 0.047917 0.196875 0.091667
1 0.873437 0.739583 0.153125 0.208333
1 0.100781 0.264583 0.142187 0.250000
1 0.039844 0.463542 0.076563 0.252083
1 0.960938 0.138542 0.078125 0.185417
1 0.960938 0.341667 0.078125 0.216667
1 0.696094 0.541667 0.173437 0.204167
2 0.903125 0.590625 0.059375 0.077083
1 0.257031 0.669792 0.195312 0.218750
1 0.032813 0.787500 0.062500 0.187500
1 0.207031 0.462500 0.167187 0.204167
1 0.057813 0.070833 0.112500 0.137500
1 0.535937 0.430208 0.162500 0.202083
1 0.443750 0.438542 0.153125 0.206250
0 0.971875 0.814583 0.056250 0.345833
1 0.186719 0.057292 0.135937 0.110417
1 0.546875 0.939583 0.187500 0.120833
1 0.017969 0.236458 0.032813 0.193750
1 0.824219 0.976042 0.157812 0.047917
1 0.982031 0.490625 0.035937 0.152083
