1 0.145833 0.913223 0.225000 0.173554
1 0.690278 0.055096 0.213889 0.104683
1 0.822222 0.592287 0.244444 0.225895
1 0.352778 0.808540 0.227778 0.239669
1 0.766667 0.356749 0.238889 0.223140
1 0.740278 0.870523 0.225000 0.236915
1 0.266667 0.089532 0.238889 0.173554
1 0.558333 0.207989 0.211111 0.212121
1 0.356944 0.216253 0.225000 0.250689
1 0.141667 0.050964 0.222222 0.096419
2 0.816667 0.202479 0.105556 0.096419
2 0.206944 0.190083 0.075000 0.071625
2 0.390278 0.016529 0.086111 0.027548
0 0.498611 0.502755 0.386111 0.426997
