1 0.911111 0.074380 0.177778 0.143251
1 0.534722 0.767218 0.213889 0.212121
1 0.248611 0.090909 0.180556 0.176309
1 0.927778 0.880165 0.144444 0.206612
1 0.744444 0.955923 0.233333 0.088154
1 0.894444 0.661157 0.194444 0.209366
1 0.108333 0.822314 0.211111 0.228650
1 0.077778 0.566116 0.150000 0.228650
1 0.302778 0.725895 0.222222 0.239669
1 0.408333 0.095041 0.183333 0.184573
1 0.783333 0.544077 0.216667 0.228650
1 0.158333 0.601928 0.177778 0.184573
1 0.268056 0.300275 0.202778 0.220386
1 0.961111 0.453168 0.077778 0.228650
1 0.579167 0.122590 0.225000 0.239669
1 0.694444 0.280992 0.194444 0.214876
1 0.861111 0.276860 0.238889 0.239669
1 0.141667 0.325069 0.211111 0.231405
2 0.752778 0.037190 0.105556 0.068871
1 0.027778 0.086777 0.050000 0.168044
0 0.501389 0.502755 0.330556 0.316804
