1 0.077391 0.909565 0.151304 0.180870
1 0.214783 0.773913 0.217391 0.233043
1 0.826957 0.777391 0.210435 0.240000
1 0.119130 0.051304 0.224348 0.099130
1 0.307826 0.239130 0.226087 0.255652
1 0.956522 0.800870 0.086957 0.286957
1 0.691304 0.120870 0.234783 0.220870
1 0.386087 0.038261 0.257391 0.073043
1 0.113043 0.498261 0.222609 0.248696
1 0.031304 0.733043 0.059130 0.186087
1 0.113913 0.335652 0.224348 0.205217
1 0.903478 0.345217 0.189565 0.252174
1 0.917391 0.488696 0.165217 0.226087
1 0.472174 0.929565 0.280000 0.137391
1 0.246087 0.513043 0.168696 0.288696
1 0.931304 0.030435 0.137391 0.057391
0 0.562609 0.466087 0.533913 0.556522
1 0.443478 0.811304 0.236522 0.186087
