1 0.530556 0.077135 0.211111 0.148760
1 0.363889 0.177686 0.211111 0.212121
1 0.313889 0.808540 0.211111 0.206612
1 0.237500 0.957300 0.241667 0.085399
1 0.256944 0.041322 0.236111 0.077135
1 0.851389 0.071625 0.241667 0.137741
1 0.601389 0.904959 0.225000 0.190083
1 0.131944 0.163912 0.230556 0.217631
1 0.036111 0.893939 0.066667 0.212121
1 0.106944 0.403581 0.208333 0.234160
1 0.850000 0.918733 0.233333 0.162534
1 0.851389 0.534435 0.219444 0.214876
1 0.181944 0.720386 0.241667 0.250689
1 0.676389 0.701102 0.241667 0.217631
1 0.695833 0.286501 0.197222 0.264463
1 0.962500 0.674931 0.075000 0.242424
1 0.045833 0.048209 0.086111 0.090909
1 0.880556 0.290634 0.238889 0.245179
0 0.488889 0.502755 0.305556 0.338843
