1 0.201553 0.487391 0.200085 0.201067
1 0.358409 0.842131 0.217007 0.235313
0 0.616808 0.206686 0.415406 0.413372
1 0.833216 0.0716197 0.184394 0.143157
1 0.400802 0.598411 0.214694 0.222113
1 0.837857 0.789775 0.195588 0.234327
1 0.907656 0.499158 0.184688 0.204047
1 0.295545 0.29128 0.168879 0.213921
1 0.0753722 0.089304 0.144112 0.172906
1 0.879734 0.271461 0.182372 0.21866
1 0.560459 0.75252 0.196908 0.208227
1 0.721556 0.955565 0.167772 0.0879395
1 0.231607 0.0833894 0.156724 0.159119
1 0.555115 0.915264 0.185851 0.166996
1 0.822516 0.461736 0.186969 0.220549
1 0.223438 0.714755 0.193711 0.214104
0 0.536309 0.207786 0.473048 0.412905
1 0.730342 0.666141 0.179514 0.23111
1 0.18811 0.269881 0.164065 0.19147
2 0.374115 0.442924 0.0681356 0.0754941
1 0.0830444 0.823788 0.164456 0.237837
1 0.0414776 0.563995 0.0806572 0.224781
