1 0.771635 0.224760 0.230769 0.213942
1 0.352163 0.917067 0.213942 0.165865
0 0.227163 0.418269 0.449519 0.370192
1 0.072115 0.108173 0.139423 0.173077
1 0.540865 0.108173 0.245192 0.173077
1 0.102163 0.814904 0.199519 0.163462
1 0.616587 0.969952 0.218750 0.060096
1 0.814904 0.701923 0.225962 0.163462
1 0.959135 0.225962 0.081731 0.139423
1 0.569712 0.368990 0.230769 0.185096
1 0.951923 0.387019 0.096154 0.139423
1 0.641827 0.687500 0.216346 0.192308
1 0.899038 0.979567 0.201923 0.040865
1 0.283654 0.048077 0.235577 0.091346
1 0.353365 0.680288 0.254808 0.139423
1 0.086538 0.656250 0.168269 0.158654
1 0.832933 0.537260 0.252404 0.151442
1 0.924279 0.062500 0.151442 0.120192
1 0.673077 0.018029 0.158654 0.031250
