1 0.764423 0.908654 0.173077 0.182692
1 0.832933 0.612981 0.204327 0.221154
1 0.385817 0.256010 0.175481 0.180288
1 0.600962 0.097356 0.197115 0.189904
1 0.602163 0.296875 0.204327 0.185096
1 0.330529 0.915865 0.180288 0.168269
1 0.151442 0.936298 0.192308 0.127404
1 0.092548 0.756010 0.180288 0.247596
1 0.054087 0.515625 0.103365 0.185096
1 0.531250 0.858173 0.211538 0.245192
1 0.914663 0.163462 0.170673 0.254808
1 0.085337 0.322115 0.165865 0.235577
1 0.764423 0.176683 0.168269 0.233173
1 0.794471 0.407452 0.204327 0.199519
0 0.433894 0.545673 0.295673 0.442308
1 0.622596 0.504808 0.139423 0.211538
1 0.158654 0.042067 0.192308 0.079327
1 0.281250 0.741587 0.182692 0.194712
2 0.709135 0.729567 0.067308 0.074519
