0 0.548438 0.510417 0.368750 0.491667
1 0.754687 0.673958 0.165625 0.222917
1 0.921094 0.704167 0.157812 0.212500
1 0.071094 0.697917 0.139063 0.212500
1 0.260156 0.406250 0.157812 0.216667
1 0.422656 0.772917 0.170313 0.212500
1 0.832031 0.350000 0.182812 0.241667
1 0.529687 0.154167 0.153125 0.208333
1 0.414844 0.936458 0.176563 0.127083
1 0.813281 0.106250 0.170313 0.204167
1 0.335156 0.597917 0.173437 0.204167
1 0.921875 0.913542 0.156250 0.172917
1 0.951562 0.473958 0.093750 0.206250
1 0.696094 0.227083 0.151562 0.212500
1 0.616406 0.842708 0.176563 0.256250
1 0.245312 0.762500 0.187500 0.220833
2 0.725781 0.943750 0.092188 0.108333
1 0.106250 0.147917 0.200000 0.233333
1 0.280469 0.073958 0.170313 0.143750
1 0.679688 0.055208 0.156250 0.106250
1 0.026562 0.902083 0.050000 0.195833
2 0.495312 0.857292 0.046875 0.060417
1 0.234375 0.882292 0.150000 0.160417
1 0.385937 0.066667 0.159375 0.129167
1 0.207031 0.975000 0.154688 0.050000
1 0.091406 0.477083 0.179688 0.200000
1 0.120313 0.264583 0.187500 0.200000
1 0.378125 0.341667 0.109375 0.266667
