1 0.081944 0.760331 0.158333 0.253444
1 0.538889 0.949036 0.255556 0.101928
1 0.897222 0.476584 0.205556 0.297521
1 0.763889 0.920110 0.233333 0.159780
1 0.900000 0.742424 0.200000 0.250689
1 0.343056 0.816804 0.275000 0.278237
1 0.829167 0.052342 0.263889 0.099174
1 0.959722 0.117080 0.080556 0.228650
1 0.334722 0.209366 0.258333 0.258953
1 0.829167 0.279614 0.236111 0.245179
1 0.105556 0.042700 0.205556 0.079890
1 0.426389 0.115702 0.241667 0.225895
1 0.695833 0.745179 0.230556 0.234160
1 0.127778 0.673554 0.238889 0.250689
2 0.727778 0.132231 0.083333 0.082645
2 0.095833 0.337466 0.075000 0.079890
0 0.488889 0.511019 0.438889 0.410468
2 0.787500 0.154270 0.058333 0.071625
