1 0.656944 0.780992 0.213889 0.206612
1 0.162500 0.757576 0.236111 0.209366
1 0.069444 0.513774 0.133333 0.206612
1 0.945833 0.515152 0.108333 0.236915
1 0.094444 0.238292 0.183333 0.228650
1 0.797222 0.449036 0.211111 0.247934
1 0.859722 0.822314 0.191667 0.217631
1 0.888889 0.203857 0.222222 0.214876
1 0.261111 0.329201 0.211111 0.234160
1 0.151389 0.928375 0.213889 0.143251
1 0.333333 0.067493 0.255556 0.129477
1 0.950000 0.086777 0.100000 0.168044
1 0.629167 0.099174 0.252778 0.192837
1 0.679167 0.276860 0.219444 0.206612
1 0.425000 0.921488 0.250000 0.157025
1 0.023611 0.907713 0.041667 0.184573
1 0.848611 0.972452 0.269444 0.055096
1 0.029167 0.296143 0.052778 0.234160
1 0.895833 0.721763 0.208333 0.198347
1 0.468056 0.849862 0.219444 0.217631
1 0.184722 0.020661 0.247222 0.035813
2 0.126389 0.628099 0.075000 0.077135
1 0.034722 0.034435 0.063889 0.063361
1 0.602778 0.030303 0.250000 0.055096
0 0.505556 0.498623 0.388889 0.429752
