1 0.307826 0.817391 0.264348 0.243478
1 0.363478 0.068696 0.281739 0.133913
1 0.068696 0.813043 0.133913 0.248696
1 0.243478 0.240870 0.243478 0.238261
1 0.937391 0.626957 0.125217 0.266087
1 0.066087 0.247826 0.128696 0.252174
1 0.544348 0.933043 0.257391 0.130435
1 0.886957 0.232174 0.226087 0.248696
1 0.114783 0.088696 0.226087 0.173913
1 0.789565 0.671304 0.194783 0.205217
1 0.565217 0.814783 0.236522 0.224348
1 0.611304 0.057391 0.238261 0.111304
0 0.500870 0.499130 0.476522 0.462609
1 0.093043 0.597391 0.182609 0.217391
1 0.149565 0.454783 0.240000 0.227826
