0 0.197656 0.808333 0.317188 0.383333
1 0.917969 0.458333 0.164062 0.220833
1 0.571875 0.741667 0.159375 0.208333
1 0.404687 0.692708 0.171875 0.193750
1 0.423438 0.457292 0.168750 0.231250
1 0.655469 0.394792 0.164062 0.214583
1 0.690625 0.934375 0.146875 0.131250
1 0.954688 0.231250 0.090625 0.225000
1 0.510938 0.930208 0.187500 0.139583
1 0.960938 0.709375 0.078125 0.222917
1 0.799219 0.103125 0.179688 0.202083
1 0.551562 0.191667 0.190625 0.245833
1 0.757031 0.336458 0.173437 0.231250
1 0.948438 0.938542 0.103125 0.122917
1 0.039062 0.681250 0.075000 0.250000
1 0.287500 0.295833 0.153125 0.220833
1 0.439844 0.057292 0.151562 0.110417
1 0.817187 0.819792 0.162500 0.197917
1 0.209375 0.092708 0.153125 0.181250
1 0.080469 0.325000 0.157812 0.204167
1 0.089063 0.521875 0.162500 0.227083
1 0.394531 0.245833 0.173437 0.208333
1 0.020313 0.894792 0.037500 0.164583
1 0.733594 0.576042 0.164062 0.168750
1 0.177344 0.529167 0.154688 0.200000
1 0.896875 0.077083 0.159375 0.150000
1 0.078906 0.130208 0.148438 0.206250
1 0.712500 0.696875 0.121875 0.114583
