1 0.053043 0.286957 0.102609 0.236522
1 0.133913 0.960870 0.264348 0.078261
1 0.319130 0.798261 0.234783 0.274783
1 0.524348 0.140870 0.290435 0.236522
1 0.042609 0.083478 0.081739 0.163478
1 0.215652 0.160000 0.229565 0.222609
1 0.041739 0.857391 0.080000 0.246957
1 0.958261 0.318261 0.083478 0.205217
1 0.922609 0.772174 0.154783 0.260870
1 0.905217 0.962609 0.186087 0.074783
1 0.745217 0.047826 0.318261 0.092174
1 0.944348 0.146957 0.111304 0.273043
1 0.713043 0.845217 0.246957 0.226087
0 0.514783 0.492174 0.455652 0.476522
1 0.582609 0.852174 0.229565 0.236522
1 0.824348 0.749565 0.229565 0.229565
