0 0.53921 0.324651 0.363083 0.432597
1 0.2802 0.690579 0.187577 0.253335
1 0.787671 0.432537 0.147965 0.185597
1 0.814377 0.825672 0.163438 0.202151
1 0.4244 0.934139 0.15515 0.131723
1 0.850912 0.635871 0.139048 0.190709
1 0.139804 0.740578 0.14972 0.189423
1 0.943092 0.729786 0.113816 0.214237
1 0.0950243 0.0878732 0.140083 0.175746
1 0.224403 0.195212 0.168432 0.246075
1 0.851107 0.089481 0.158377 0.178546
1 0.319348 0.405649 0.148223 0.21429
1 0.901358 0.946786 0.151324 0.106019
1 0.953678 0.523795 0.0907369 0.188533
1 0.304606 0.0446902 0.159989 0.0867307
1 0.0336832 0.656642 0.0647459 0.190178
1 0.431192 0.568081 0.14988 0.194524
1 0.125144 0.902435 0.168349 0.182457
2 0.0710158 0.965272 0.0582774 0.06816
1 0.317843 0.184164 0.15732 0.191472
1 0.0666301 0.339703 0.13326 0.208202
1 0.963514 0.159297 0.0729725 0.225151
1 0.843347 0.199587 0.192558 0.188135
