1 0.248611 0.637741 0.186111 0.245179
1 0.112500 0.413223 0.219444 0.214876
1 0.095833 0.089532 0.186111 0.173554
1 0.936111 0.444904 0.127778 0.217631
1 0.319444 0.247934 0.211111 0.220386
1 0.709722 0.342975 0.219444 0.223140
1 0.283333 0.922865 0.216667 0.154270
1 0.695833 0.914601 0.252778 0.170799
1 0.426389 0.800275 0.230556 0.223140
1 0.030556 0.738292 0.055556 0.214876
1 0.704167 0.706612 0.225000 0.201102
1 0.976389 0.650138 0.047222 0.220386
1 0.973611 0.079890 0.052778 0.154270
2 0.063889 0.592287 0.088889 0.077135
0 0.508333 0.520661 0.372222 0.385675
2 0.888889 0.975207 0.083333 0.049587
2 0.123611 0.958678 0.097222 0.082645
