1 0.868056 0.487603 0.191667 0.236915
1 0.086111 0.333333 0.166667 0.242424
1 0.938889 0.141873 0.122222 0.212121
1 0.745833 0.307163 0.202778 0.206612
1 0.283333 0.268595 0.222222 0.239669
1 0.645833 0.786501 0.258333 0.261708
1 0.888889 0.734160 0.222222 0.261708
1 0.104167 0.853994 0.202778 0.264463
1 0.586111 0.090909 0.227778 0.176309
1 0.293056 0.725895 0.213889 0.223140
1 0.045833 0.118457 0.086111 0.225895
1 0.756944 0.968320 0.241667 0.063361
1 0.190278 0.519284 0.202778 0.217631
1 0.825000 0.052342 0.205556 0.099174
1 0.948611 0.946281 0.102778 0.107438
0 0.505556 0.502755 0.411111 0.399449
