1 0.246087 0.928696 0.241739 0.139130
1 0.357391 0.790435 0.210435 0.200000
1 0.192174 0.246957 0.231304 0.205217
1 0.636522 0.953043 0.271304 0.093913
1 0.240000 0.073913 0.267826 0.144348
1 0.541739 0.069565 0.248696 0.135652
1 0.126087 0.813913 0.220870 0.233043
1 0.874783 0.378261 0.250435 0.231304
1 0.039130 0.371304 0.074783 0.231304
1 0.893913 0.583478 0.212174 0.255652
1 0.912174 0.795652 0.175652 0.200000
0 0.488696 0.499130 0.476522 0.511304
1 0.157391 0.360000 0.252174 0.212174
1 0.609565 0.825217 0.238261 0.175652
1 0.727826 0.757391 0.193043 0.213913
1 0.850435 0.726957 0.198261 0.205217
