1 0.441667 0.899449 0.233333 0.201102
1 0.925000 0.468320 0.150000 0.253444
1 0.781944 0.508264 0.175000 0.206612
1 0.175000 0.157025 0.250000 0.247934
1 0.209722 0.858127 0.230556 0.212121
1 0.443056 0.174931 0.213889 0.234160
1 0.758333 0.101928 0.233333 0.198347
1 0.597222 0.059229 0.233333 0.112948
1 0.702778 0.924242 0.261111 0.151515
1 0.969444 0.126722 0.061111 0.247934
1 0.827778 0.735537 0.283333 0.258953
1 0.847222 0.228650 0.216667 0.236915
1 0.622222 0.250689 0.266667 0.236915
1 0.123611 0.738292 0.241667 0.214876
1 0.056944 0.283747 0.108333 0.303030
1 0.201389 0.399449 0.269444 0.231405
1 0.987500 0.764463 0.025000 0.206612
1 0.040278 0.431129 0.075000 0.250689
1 0.045833 0.734160 0.086111 0.212121
1 0.245833 0.289256 0.213889 0.198347
1 0.508333 0.506887 0.327778 0.402204
