0 0.467187 0.586458 0.281250 0.489583
1 0.120313 0.769792 0.184375 0.243750
1 0.808594 0.190625 0.151562 0.218750
1 0.873437 0.628125 0.187500 0.222917
1 0.806250 0.917708 0.162500 0.164583
1 0.428906 0.271875 0.164062 0.189583
1 0.195312 0.941667 0.171875 0.116667
1 0.939063 0.176042 0.121875 0.252083
1 0.642188 0.104167 0.181250 0.204167
1 0.664844 0.520833 0.142187 0.200000
1 0.374219 0.921875 0.164062 0.156250
1 0.642969 0.312500 0.195312 0.191667
1 0.575781 0.871875 0.189062 0.247917
1 0.200000 0.051042 0.175000 0.097917
1 0.102344 0.338542 0.195312 0.243750
1 0.836719 0.422917 0.189062 0.204167
1 0.027344 0.175000 0.051562 0.183333
1 0.069531 0.508333 0.135937 0.216667
1 0.325000 0.756250 0.178125 0.195833
1 0.017188 0.665625 0.031250 0.185417
2 0.748437 0.738542 0.081250 0.102083
