0 0.343750 0.457933 0.461538 0.372596
1 0.871394 0.908654 0.218750 0.177885
1 0.914663 0.417067 0.165865 0.175481
2 0.355769 0.831731 0.076923 0.062500
1 0.120192 0.693510 0.221154 0.161058
2 0.341346 0.709135 0.110577 0.086538
1 0.718750 0.569712 0.225962 0.197115
1 0.084135 0.370192 0.163462 0.177885
2 0.481971 0.194712 0.079327 0.072115
1 0.875000 0.264423 0.201923 0.153846
1 0.306490 0.137019 0.218750 0.163462
1 0.694712 0.401442 0.211538 0.168269
1 0.054087 0.128606 0.103365 0.170673
1 0.813702 0.762019 0.199519 0.177885
1 0.956731 0.670673 0.086538 0.163462
1 0.507212 0.825721 0.235577 0.170673
1 0.626202 0.944712 0.199519 0.110577
1 0.718750 0.157452 0.211538 0.161058
1 0.436298 0.956731 0.189904 0.086538
1 0.162260 0.257212 0.204327 0.182692
2 0.411058 0.195913 0.067308 0.064904
1 0.554087 0.658654 0.271635 0.177885
1 0.491587 0.079327 0.209135 0.139423
1 0.657452 0.061298 0.189904 0.117788
1 0.903846 0.054087 0.192308 0.103365
