1 0.875000 0.284856 0.216346 0.189904
0 0.622596 0.549279 0.466346 0.348558
1 0.360577 0.936298 0.216346 0.127404
1 0.704327 0.162260 0.168269 0.204327
1 0.546875 0.782452 0.199519 0.161058
1 0.912260 0.831731 0.170673 0.158654
1 0.146635 0.471154 0.235577 0.192308
1 0.590144 0.930288 0.213942 0.139423
1 0.474760 0.227163 0.233173 0.175481
1 0.825721 0.942308 0.233173 0.115385
1 0.473558 0.052885 0.201923 0.100962
1 0.060096 0.888221 0.115385 0.175481
1 0.330529 0.354567 0.247596 0.170673
1 0.913462 0.593750 0.173077 0.230769
1 0.296875 0.789663 0.233173 0.170673
1 0.671875 0.787260 0.199519 0.189904
1 0.177885 0.747596 0.235577 0.182692
1 0.344952 0.622596 0.233173 0.177885
1 0.745192 0.067308 0.206731 0.129808
1 0.068510 0.036058 0.132212 0.067308
2 0.151442 0.111779 0.076923 0.069712
