1 0.360870 0.960870 0.213913 0.078261
1 0.059130 0.745217 0.114783 0.273043
1 0.195652 0.582609 0.220870 0.281739
1 0.575652 0.070435 0.267826 0.137391
1 0.268696 0.227826 0.259130 0.219130
1 0.361739 0.809565 0.302609 0.220870
1 0.723478 0.098261 0.233043 0.193043
1 0.077391 0.274783 0.151304 0.208696
1 0.930435 0.686087 0.139130 0.252174
1 0.922609 0.113913 0.154783 0.210435
1 0.853043 0.771304 0.238261 0.224348
0 0.528696 0.503478 0.507826 0.506087
1 0.056522 0.900870 0.109565 0.194783
1 0.898261 0.257391 0.203478 0.226087
1 0.074783 0.388696 0.146087 0.193043
