1 0.113889 0.118457 0.222222 0.231405
1 0.069444 0.550964 0.133333 0.236915
1 0.188889 0.943526 0.244444 0.112948
1 0.927778 0.654270 0.144444 0.261708
1 0.658333 0.103306 0.277778 0.201102
1 0.447222 0.807163 0.272222 0.264463
1 0.913889 0.301653 0.172222 0.217631
1 0.234722 0.661157 0.241667 0.253444
1 0.733333 0.637741 0.238889 0.261708
1 0.748611 0.884298 0.219444 0.220386
1 0.409722 0.064738 0.247222 0.123967
1 0.037500 0.330579 0.069444 0.231405
1 0.556944 0.939394 0.147222 0.121212
1 0.897222 0.961433 0.205556 0.077135
1 0.702778 0.304408 0.244444 0.256198
1 0.398611 0.969697 0.191667 0.060606
0 0.484722 0.494490 0.347222 0.349862
