0 0.732031 0.304167 0.301563 0.341667
1 0.928906 0.550000 0.142187 0.195833
1 0.417187 0.369792 0.162500 0.218750
1 0.471875 0.747917 0.159375 0.220833
1 0.081250 0.095833 0.153125 0.187500
1 0.847656 0.923958 0.182812 0.152083
2 0.030469 0.207292 0.057813 0.089583
1 0.900000 0.098958 0.175000 0.193750
2 0.421875 0.142708 0.068750 0.093750
1 0.450781 0.883333 0.164062 0.212500
1 0.961719 0.362500 0.076563 0.195833
1 0.610156 0.887500 0.170313 0.220833
1 0.307812 0.821875 0.150000 0.222917
1 0.059375 0.650000 0.115625 0.191667
1 0.700000 0.588542 0.193750 0.227083
1 0.203906 0.488542 0.182812 0.256250
1 0.142187 0.306250 0.181250 0.212500
1 0.787500 0.748958 0.200000 0.218750
1 0.514844 0.642708 0.164062 0.181250
2 0.622656 0.755208 0.048438 0.064583
1 0.269531 0.111458 0.179688 0.218750
1 0.338281 0.955208 0.164062 0.089583
1 0.129688 0.691667 0.168750 0.216667
1 0.539844 0.161458 0.142187 0.247917
1 0.682813 0.059375 0.196875 0.114583
