1 0.627778 0.096419 0.194444 0.187328
1 0.081944 0.862259 0.158333 0.209366
1 0.944444 0.544077 0.111111 0.201102
1 0.890278 0.099174 0.219444 0.192837
1 0.050000 0.108815 0.094444 0.212121
1 0.269444 0.911846 0.238889 0.176309
1 0.750000 0.691460 0.211111 0.225895
1 0.180556 0.340220 0.205556 0.184573
1 0.166667 0.636364 0.222222 0.220386
1 0.484722 0.223140 0.252778 0.198347
1 0.798611 0.453168 0.213889 0.223140
1 0.488889 0.794766 0.283333 0.206612
1 0.247222 0.136364 0.261111 0.217631
1 0.972222 0.269972 0.055556 0.209366
1 0.554167 0.943526 0.191667 0.112948
1 0.815278 0.280992 0.225000 0.198347
1 0.020833 0.695592 0.036111 0.195592
1 0.019444 0.504132 0.033333 0.209366
0 0.505556 0.511019 0.366667 0.382920
