1 0.778261 0.794783 0.203478 0.229565
1 0.913043 0.054783 0.173913 0.106087
1 0.906087 0.463478 0.187826 0.269565
1 0.068696 0.268696 0.133913 0.231304
1 0.197391 0.600000 0.189565 0.260870
1 0.492174 0.905217 0.222609 0.189565
1 0.100000 0.076522 0.196522 0.149565
1 0.252174 0.246957 0.226087 0.198261
1 0.926087 0.930435 0.147826 0.139130
1 0.821739 0.206957 0.231304 0.212174
1 0.673043 0.053913 0.257391 0.104348
1 0.580000 0.193043 0.231304 0.212174
1 0.960870 0.711304 0.078261 0.267826
1 0.053043 0.606087 0.102609 0.220870
1 0.147826 0.958261 0.246957 0.083478
1 0.973913 0.207826 0.052174 0.241739
1 0.315652 0.031304 0.179130 0.059130
0 0.505217 0.510435 0.481739 0.488696
