0 0.315625 0.319792 0.350000 0.506250
1 0.771094 0.188542 0.164062 0.206250
1 0.085156 0.373958 0.164062 0.231250
1 0.815625 0.539583 0.168750 0.204167
2 0.887500 0.835417 0.056250 0.079167
2 0.325000 0.931250 0.071875 0.095833
1 0.083594 0.104167 0.164062 0.204167
1 0.050781 0.558333 0.098437 0.200000
1 0.610938 0.352083 0.162500 0.200000
1 0.247656 0.744792 0.182812 0.235417
1 0.917969 0.572917 0.160938 0.262500
1 0.935156 0.963542 0.126562 0.072917
1 0.974219 0.266667 0.051562 0.216667
1 0.428906 0.898958 0.154688 0.197917
2 0.434375 0.027083 0.053125 0.050000
1 0.628906 0.901042 0.160938 0.189583
1 0.620313 0.785417 0.171875 0.195833
1 0.346875 0.033333 0.128125 0.062500
1 0.787500 0.910417 0.146875 0.179167
2 0.189844 0.137500 0.060937 0.075000
1 0.182031 0.660417 0.170313 0.216667
1 0.088281 0.956250 0.173437 0.087500
1 0.950781 0.072917 0.098437 0.141667
1 0.721094 0.382292 0.135937 0.197917
1 0.210938 0.026042 0.153125 0.047917
2 0.154688 0.518750 0.053125 0.075000
1 0.778906 0.053125 0.164062 0.102083
1 0.490625 0.601042 0.187500 0.168750
1 0.483594 0.746875 0.129688 0.143750
1 0.804688 0.738542 0.153125 0.172917
