1 0.717187 0.204167 0.181250 0.220833
1 0.191406 0.526042 0.151562 0.210417
1 0.327344 0.221875 0.170313 0.214583
1 0.453906 0.433333 0.182812 0.225000
1 0.344531 0.571875 0.189062 0.214583
1 0.932813 0.122917 0.128125 0.212500
1 0.932031 0.839583 0.132812 0.225000
1 0.560937 0.075000 0.175000 0.145833
1 0.174219 0.314583 0.173437 0.225000
0 0.558594 0.864583 0.298438 0.258333
1 0.564844 0.622917 0.182812 0.216667
1 0.287500 0.764583 0.203125 0.175000
1 0.256250 0.929167 0.200000 0.141667
1 0.035937 0.217708 0.068750 0.235417
1 0.028125 0.509375 0.053125 0.189583
1 0.089063 0.076042 0.143750 0.147917
1 0.771094 0.453125 0.189062 0.227083
1 0.328906 0.043750 0.145313 0.083333
1 0.972656 0.504167 0.054688 0.220833
2 0.114062 0.812500 0.053125 0.070833
1 0.178906 0.079167 0.160938 0.154167
1 0.071875 0.912500 0.140625 0.175000
1 0.365625 0.917708 0.112500 0.164583
1 0.843750 0.456250 0.100000 0.250000
