1 0.427344 0.640625 0.160938 0.193750
1 0.688281 0.679167 0.182812 0.229167
1 0.602344 0.290625 0.154688 0.222917
0 0.465625 0.139583 0.328125 0.275000
1 0.858594 0.700000 0.182812 0.204167
1 0.126562 0.237500 0.146875 0.216667
1 0.933594 0.166667 0.132812 0.204167
1 0.275781 0.268750 0.164062 0.195833
1 0.747656 0.455208 0.164062 0.193750
2 0.053906 0.144792 0.057813 0.072917
1 0.322656 0.461458 0.207813 0.239583
1 0.464062 0.896875 0.156250 0.185417
1 0.033594 0.403125 0.064062 0.193750
1 0.039844 0.266667 0.076563 0.204167
1 0.886719 0.048958 0.173437 0.093750
1 0.742188 0.259375 0.168750 0.210417
1 0.155469 0.551042 0.192188 0.181250
1 0.864062 0.417708 0.159375 0.185417
1 0.134375 0.940625 0.165625 0.118750
1 0.589063 0.957292 0.212500 0.085417
1 0.029687 0.571875 0.056250 0.189583
1 0.205469 0.884375 0.132812 0.222917
1 0.042188 0.831250 0.081250 0.187500
1 0.055469 0.051042 0.107813 0.097917
2 0.798438 0.881250 0.037500 0.054167
1 0.942187 0.513542 0.115625 0.214583
1 0.328125 0.855208 0.153125 0.202083
1 0.238281 0.085417 0.132812 0.166667
