1 0.138889 0.913223 0.227778 0.173554
1 0.891667 0.082645 0.216667 0.159780
1 0.076389 0.476584 0.147222 0.269972
1 0.076389 0.741047 0.147222 0.247934
1 0.290278 0.068871 0.263889 0.132231
1 0.686111 0.388430 0.200000 0.209366
1 0.684722 0.918733 0.213889 0.162534
1 0.627778 0.176309 0.222222 0.220386
1 0.877778 0.293388 0.238889 0.239669
1 0.372222 0.253444 0.255556 0.264463
1 0.965278 0.681818 0.069444 0.234160
1 0.418056 0.893939 0.297222 0.206612
1 0.656944 0.045455 0.258333 0.085399
1 0.201389 0.371901 0.252778 0.242424
0 0.502778 0.501377 0.255556 0.297521
1 0.973611 0.454545 0.052778 0.214876
1 0.408333 0.712121 0.300000 0.234160
1 0.754167 0.692837 0.269444 0.289256
