1 0.947222 0.246556 0.105556 0.228650
1 0.077778 0.754821 0.150000 0.225895
1 0.790278 0.538567 0.236111 0.256198
1 0.320833 0.798898 0.241667 0.253444
1 0.106944 0.943526 0.208333 0.112948
1 0.325000 0.960055 0.222222 0.079890
1 0.226389 0.657025 0.219444 0.239669
1 0.087500 0.483471 0.169444 0.250689
1 0.183333 0.384298 0.205556 0.228650
1 0.790278 0.792011 0.263889 0.272727
1 0.538889 0.900826 0.261111 0.198347
1 0.959722 0.060606 0.080556 0.115702
1 0.583333 0.055096 0.238889 0.104683
1 0.148611 0.088154 0.236111 0.170799
1 0.963889 0.506887 0.072222 0.220386
2 0.366667 0.064738 0.100000 0.090909
1 0.293056 0.015152 0.247222 0.024793
0 0.505556 0.495868 0.405556 0.545455
