1 0.372951 0.144986 0.204918 0.246612
1 0.088798 0.088076 0.172131 0.170732
0 0.501366 0.495935 0.292350 0.373984
1 0.094262 0.304878 0.183060 0.203252
1 0.943989 0.644986 0.112022 0.271003
1 0.729508 0.529810 0.169399 0.279133
1 0.199454 0.681572 0.202186 0.208672
1 0.756831 0.143631 0.207650 0.281843
1 0.901639 0.402439 0.196721 0.203252
1 0.516393 0.804878 0.234973 0.233062
1 0.655738 0.939024 0.278689 0.121951
2 0.896175 0.982385 0.207650 0.035230
1 0.943989 0.222222 0.112022 0.195122
1 0.209016 0.871274 0.221311 0.230352
0 0.781421 0.804878 0.229508 0.157182
