1 0.452778 0.860882 0.205556 0.206612
1 0.115278 0.305785 0.225000 0.198347
1 0.719444 0.163912 0.194444 0.195592
1 0.488889 0.121212 0.233333 0.236915
1 0.054167 0.673554 0.102778 0.223140
1 0.784722 0.399449 0.208333 0.220386
1 0.633333 0.727273 0.155556 0.220386
1 0.301389 0.661157 0.291667 0.264463
1 0.041667 0.128099 0.077778 0.168044
1 0.922222 0.491736 0.155556 0.250689
1 0.225000 0.975207 0.238889 0.049587
1 0.119444 0.026171 0.233333 0.046832
0 0.505556 0.501377 0.322222 0.286501
1 0.822222 0.721763 0.233333 0.264463
1 0.447222 0.955923 0.211111 0.088154
1 0.880556 0.910468 0.238889 0.173554
1 0.704167 0.913223 0.230556 0.162534
