1 0.250000 0.560606 0.194444 0.217631
1 0.077778 0.061983 0.150000 0.118457
1 0.300000 0.059229 0.244444 0.112948
1 0.076389 0.727273 0.147222 0.231405
1 0.697222 0.071625 0.233333 0.137741
1 0.575000 0.889807 0.216667 0.220386
1 0.194444 0.188705 0.227778 0.223140
1 0.888889 0.756198 0.222222 0.234160
1 0.819444 0.207989 0.233333 0.245179
1 0.961111 0.130854 0.077778 0.245179
1 0.172222 0.414601 0.227778 0.217631
1 0.388889 0.311295 0.205556 0.203857
1 0.820833 0.455923 0.213889 0.234160
1 0.365278 0.732782 0.286111 0.225895
1 0.187500 0.976584 0.236111 0.046832
0 0.501389 0.479339 0.302778 0.347107
2 0.491667 0.163912 0.100000 0.096419
