1 0.951304 0.871304 0.097391 0.253913
1 0.226957 0.751304 0.238261 0.271304
1 0.930435 0.567826 0.139130 0.280000
1 0.083478 0.886087 0.163478 0.227826
1 0.039130 0.106087 0.074783 0.208696
1 0.945217 0.126957 0.109565 0.250435
1 0.792174 0.788696 0.213913 0.241739
1 0.274783 0.347826 0.229565 0.285217
1 0.076522 0.357391 0.149565 0.280000
1 0.264348 0.115652 0.267826 0.227826
1 0.180870 0.056522 0.253913 0.109565
1 0.387826 0.226957 0.229565 0.245217
1 0.387826 0.962609 0.358261 0.074783
1 0.656522 0.087826 0.363478 0.172174
1 0.564348 0.844348 0.252174 0.259130
0 0.614783 0.496522 0.471304 0.506087
1 0.439130 0.826087 0.241739 0.250435
