1 0.093043 0.116522 0.182609 0.229565
1 0.577391 0.927826 0.306087 0.140870
1 0.906087 0.631304 0.187826 0.292174
1 0.706087 0.812174 0.271304 0.243478
1 0.794783 0.062609 0.246957 0.121739
1 0.934783 0.110435 0.130435 0.217391
1 0.206957 0.938261 0.299130 0.120000
1 0.349565 0.192174 0.285217 0.262609
1 0.941739 0.346957 0.116522 0.273043
1 0.612174 0.167826 0.240000 0.276522
1 0.933913 0.868696 0.132174 0.252174
1 0.090435 0.833043 0.177391 0.306087
0 0.511304 0.513043 0.594783 0.570435
1 0.180870 0.666087 0.226087 0.309565
1 0.802609 0.354783 0.196522 0.306087
