1 0.923611 0.910468 0.152778 0.179063
1 0.611111 0.090909 0.222222 0.176309
1 0.213889 0.753444 0.200000 0.212121
1 0.063889 0.093664 0.122222 0.181818
1 0.247222 0.097796 0.205556 0.190083
1 0.087500 0.560606 0.169444 0.212121
1 0.363889 0.904959 0.205556 0.190083
1 0.105556 0.922865 0.205556 0.154270
1 0.905556 0.082645 0.188889 0.159780
1 0.947222 0.279614 0.105556 0.190083
1 0.122222 0.294766 0.211111 0.225895
1 0.818056 0.446281 0.230556 0.214876
1 0.776389 0.224518 0.213889 0.223140
1 0.813889 0.701102 0.216667 0.245179
1 0.641667 0.965565 0.238889 0.068871
1 0.584722 0.769972 0.230556 0.195592
1 0.150000 0.477961 0.177778 0.168044
0 0.468056 0.501377 0.402778 0.429752
