1 0.904167 0.804408 0.191667 0.198347
1 0.122222 0.074380 0.211111 0.143251
1 0.447222 0.849862 0.244444 0.228650
1 0.088889 0.263085 0.172222 0.206612
1 0.950000 0.077135 0.100000 0.148760
1 0.230556 0.440771 0.183333 0.181818
1 0.937500 0.275482 0.125000 0.220386
1 0.281944 0.216253 0.219444 0.217631
1 0.051389 0.477961 0.097222 0.228650
1 0.941667 0.603306 0.116667 0.225895
1 0.738889 0.101928 0.227778 0.198347
1 0.708333 0.732782 0.227778 0.242424
1 0.505556 0.172176 0.238889 0.228650
1 0.108333 0.924242 0.205556 0.151515
1 0.212500 0.736915 0.236111 0.217631
1 0.800000 0.962810 0.233333 0.074380
1 0.561111 0.966942 0.227778 0.066116
1 0.320833 0.026171 0.236111 0.046832
1 0.329167 0.973829 0.236111 0.052342
1 0.761111 0.342975 0.227778 0.195592
1 0.831944 0.479339 0.247222 0.214876
1 0.558333 0.027548 0.244444 0.049587
1 0.019444 0.924242 0.033333 0.146006
2 0.822222 0.249311 0.088889 0.090909
1 0.784722 0.024793 0.213889 0.044077
0 0.502778 0.508264 0.316667 0.415978
