1 0.629167 0.796143 0.191667 0.231405
1 0.234722 0.643251 0.180556 0.206612
1 0.786111 0.428375 0.188889 0.217631
1 0.818056 0.862259 0.191667 0.209366
1 0.408333 0.803030 0.211111 0.190083
1 0.687500 0.082645 0.197222 0.159780
1 0.956944 0.519284 0.086111 0.217631
1 0.058333 0.721763 0.111111 0.209366
1 0.137500 0.944904 0.247222 0.110193
1 0.866667 0.205234 0.255556 0.223140
1 0.511111 0.198347 0.211111 0.214876
1 0.331944 0.089532 0.241667 0.173554
1 0.186111 0.465565 0.238889 0.220386
1 0.958333 0.070248 0.083333 0.134986
1 0.579167 0.961433 0.213889 0.077135
1 0.291667 0.285124 0.227778 0.195592
0 0.498611 0.511019 0.386111 0.382920
