0 0.254984 0.338849 0.368526 0.440742
1 0.51543 0.566378 0.171731 0.228383
1 0.691596 0.260122 0.193919 0.230444
1 0.699295 0.51367 0.167097 0.235655
1 0.844047 0.922956 0.150463 0.154089
1 0.872624 0.721365 0.175595 0.262243
1 0.857123 0.454529 0.172472 0.263565
1 0.713854 0.0818601 0.197139 0.16372
1 0.518226 0.839361 0.190424 0.245368
1 0.95058 0.501417 0.0988403 0.245548
1 0.90357 0.21992 0.188492 0.202738
1 0.0937998 0.940554 0.1876 0.118891
1 0.677446 0.907983 0.186268 0.184034
1 0.137167 0.621461 0.180238 0.250036
1 0.0503285 0.81961 0.0999468 0.201324
1 0.0625566 0.132462 0.125113 0.264924
1 0.331162 0.0718726 0.16301 0.142685
1 0.0375043 0.634377 0.0729617 0.205071
1 0.961504 0.902014 0.0767679 0.188986
1 0.295382 0.639269 0.175073 0.209748
1 0.377031 0.705893 0.194718 0.245868
