0 0.522656 0.788542 0.382812 0.422917
1 0.914062 0.156250 0.171875 0.225000
1 0.613281 0.075000 0.179688 0.145833
1 0.896875 0.923958 0.159375 0.152083
1 0.074219 0.110417 0.145313 0.216667
1 0.745313 0.657292 0.162500 0.210417
1 0.832812 0.371875 0.150000 0.189583
1 0.677344 0.271875 0.192188 0.252083
2 0.178906 0.888542 0.067187 0.085417
1 0.078125 0.531250 0.146875 0.195833
1 0.948438 0.491667 0.100000 0.220833
1 0.234375 0.457292 0.165625 0.193750
1 0.332031 0.107292 0.148438 0.210417
1 0.939063 0.667708 0.121875 0.227083
1 0.160938 0.527083 0.168750 0.191667
1 0.549219 0.487500 0.164062 0.195833
1 0.173437 0.264583 0.156250 0.175000
1 0.986719 0.894792 0.026562 0.197917
1 0.628125 0.508333 0.168750 0.204167
1 0.982812 0.314583 0.034375 0.191667
1 0.356250 0.307292 0.196875 0.189583
1 0.950781 0.035417 0.098437 0.066667
1 0.289844 0.742708 0.129688 0.239583
1 0.264062 0.851042 0.159375 0.297917
1 0.056250 0.860417 0.109375 0.279167
