0 0.275240 0.425481 0.338942 0.442308
1 0.647837 0.796875 0.199519 0.223558
1 0.737981 0.941106 0.182692 0.117788
1 0.912260 0.588942 0.175481 0.230769
1 0.358173 0.894231 0.201923 0.187500
1 0.741587 0.296875 0.194712 0.204327
1 0.082933 0.901442 0.161058 0.182692
1 0.211538 0.132212 0.192308 0.197115
1 0.646635 0.085337 0.240385 0.165865
1 0.890625 0.122596 0.180288 0.221154
1 0.741587 0.432692 0.194712 0.211538
1 0.856971 0.336538 0.213942 0.230769
1 0.043269 0.042067 0.081731 0.079327
2 0.098558 0.086538 0.086538 0.086538
1 0.064904 0.343750 0.125000 0.206731
1 0.937500 0.921875 0.125000 0.156250
1 0.040865 0.204327 0.076923 0.144231
1 0.144231 0.695913 0.173077 0.175481
1 0.340144 0.723558 0.189904 0.177885
1 0.772837 0.692308 0.161058 0.192308
1 0.693510 0.594952 0.180288 0.141827
1 0.403846 0.060096 0.192308 0.115385
