1 0.076389 0.497245 0.147222 0.261708
1 0.393056 0.931129 0.263889 0.137741
1 0.102778 0.720386 0.200000 0.195592
1 0.059722 0.121212 0.113889 0.236915
1 0.334722 0.734160 0.247222 0.256198
1 0.538889 0.199725 0.238889 0.283747
1 0.120833 0.968320 0.236111 0.063361
1 0.572222 0.030303 0.283333 0.055096
1 0.788889 0.699725 0.266667 0.264463
1 0.793056 0.174931 0.280556 0.256198
1 0.948611 0.939394 0.102778 0.121212
1 0.963889 0.702479 0.072222 0.247934
1 0.895833 0.061983 0.208333 0.118457
1 0.720833 0.917355 0.341667 0.165289
1 0.283333 0.195592 0.233333 0.280992
1 0.923611 0.252066 0.152778 0.234160
0 0.504167 0.498623 0.441667 0.363636
1 0.236111 0.106061 0.205556 0.190083
1 0.973611 0.573003 0.052778 0.154270
