1 0.076389 0.258953 0.147222 0.209366
1 0.406944 0.944904 0.186111 0.110193
1 0.177778 0.814050 0.194444 0.201102
1 0.137500 0.590909 0.208333 0.212121
1 0.345833 0.641873 0.225000 0.209366
1 0.922222 0.352617 0.155556 0.187328
1 0.065278 0.904959 0.125000 0.184573
1 0.143056 0.453168 0.202778 0.201102
1 0.465278 0.775482 0.230556 0.228650
1 0.456944 0.078512 0.219444 0.151515
0 0.502778 0.516529 0.272222 0.311295
1 0.123611 0.333333 0.186111 0.192837
1 0.743056 0.203857 0.197222 0.214876
1 0.668056 0.939394 0.219444 0.121212
2 0.808333 0.353994 0.105556 0.090909
1 0.215278 0.973829 0.225000 0.052342
1 0.261111 0.858127 0.172222 0.184573
1 0.715278 0.734160 0.258333 0.190083
1 0.859722 0.863636 0.191667 0.162534
1 0.726389 0.425620 0.219444 0.239669
1 0.795833 0.170799 0.180556 0.209366
1 0.612500 0.909091 0.230556 0.170799
1 0.841667 0.931129 0.200000 0.137741
1 0.469444 0.031680 0.216667 0.057851
1 0.911111 0.146006 0.133333 0.176309
