0 0.623798 0.111779 0.343750 0.218750
1 0.469952 0.621394 0.189904 0.233173
1 0.086538 0.423077 0.168269 0.240385
1 0.912260 0.295673 0.175481 0.225962
1 0.659856 0.699519 0.233173 0.259615
1 0.304087 0.207933 0.194712 0.223558
1 0.866587 0.091346 0.218750 0.177885
1 0.549279 0.888221 0.175481 0.218750
1 0.560096 0.335337 0.206731 0.252404
1 0.877404 0.868990 0.168269 0.233173
1 0.251202 0.668269 0.199519 0.250000
1 0.204327 0.850962 0.177885 0.230769
1 0.063702 0.639423 0.122596 0.240385
1 0.947115 0.489183 0.105769 0.223558
1 0.832933 0.444712 0.185096 0.206731
1 0.920673 0.655048 0.158654 0.223558
1 0.164663 0.051683 0.223558 0.098558
1 0.183894 0.937500 0.175481 0.125000
1 0.675481 0.555288 0.187500 0.225962
1 0.406250 0.206731 0.139423 0.225962
1 0.118990 0.194712 0.151442 0.197115
1 0.320913 0.479567 0.127404 0.204327
1 0.677885 0.920673 0.144231 0.158654
1 0.758413 0.868990 0.132212 0.223558
