1 0.091667 0.406336 0.177778 0.250689
1 0.266667 0.333333 0.177778 0.264463
1 0.936111 0.944904 0.127778 0.110193
1 0.438889 0.932507 0.227778 0.134986
1 0.088889 0.172176 0.172222 0.212121
1 0.900000 0.792011 0.200000 0.201102
1 0.431944 0.174931 0.225000 0.217631
1 0.895833 0.480716 0.208333 0.217631
1 0.193056 0.869146 0.263889 0.217631
1 0.680556 0.179063 0.255556 0.247934
1 0.451389 0.028926 0.241667 0.052342
2 0.830556 0.151515 0.077778 0.077135
2 0.934722 0.161157 0.069444 0.068871
1 0.923611 0.679063 0.152778 0.168044
1 0.056944 0.059229 0.108333 0.112948
0 0.502778 0.511019 0.327778 0.366391
