1 0.822222 0.863636 0.216667 0.201102
1 0.261111 0.938017 0.200000 0.123967
1 0.152778 0.508264 0.216667 0.223140
1 0.640278 0.747934 0.230556 0.201102
1 0.483333 0.050964 0.205556 0.096419
1 0.437500 0.858127 0.213889 0.223140
1 0.855556 0.173554 0.216667 0.209366
1 0.954167 0.070248 0.091667 0.134986
1 0.752778 0.037190 0.194444 0.068871
1 0.094444 0.046832 0.183333 0.088154
1 0.309722 0.179063 0.213889 0.192837
1 0.701389 0.975207 0.247222 0.049587
1 0.950000 0.935262 0.100000 0.129477
1 0.866667 0.516529 0.222222 0.228650
1 0.027778 0.651515 0.050000 0.283747
1 0.169444 0.746556 0.272222 0.247934
1 0.130556 0.282369 0.222222 0.206612
1 0.801389 0.438017 0.202778 0.187328
1 0.141667 0.194215 0.166667 0.168044
0 0.505556 0.517906 0.300000 0.407713
