1 0.860870 0.100870 0.229565 0.198261
1 0.060000 0.848696 0.116522 0.299130
1 0.647826 0.049565 0.217391 0.095652
1 0.715652 0.264348 0.318261 0.337391
1 0.080870 0.495652 0.158261 0.215652
1 0.959130 0.712174 0.081739 0.307826
1 0.145217 0.134783 0.231304 0.193043
1 0.630435 0.933913 0.213913 0.132174
1 0.114783 0.689565 0.226087 0.238261
1 0.212174 0.749565 0.236522 0.257391
1 0.773043 0.566087 0.234783 0.300870
1 0.967826 0.892174 0.064348 0.212174
0 0.508696 0.512174 0.405217 0.499130
1 0.148696 0.049565 0.255652 0.095652
1 0.714783 0.898261 0.184348 0.161739
1 0.860870 0.821739 0.219130 0.231304
1 0.906087 0.495652 0.187826 0.194783
1 0.235652 0.921739 0.220870 0.156522
1 0.342609 0.900000 0.180870 0.158261
1 0.420870 0.852174 0.191304 0.208696
