1 0.816522 0.790435 0.203478 0.238261
1 0.927826 0.151304 0.144348 0.222609
1 0.743478 0.240870 0.220870 0.231304
1 0.528696 0.156522 0.233043 0.219130
1 0.294783 0.106957 0.238261 0.210435
0 0.488696 0.455652 0.420870 0.410435
1 0.791304 0.476522 0.173913 0.212174
1 0.656522 0.846957 0.158261 0.246957
1 0.134783 0.448696 0.196522 0.219130
1 0.078261 0.094783 0.153043 0.186087
1 0.178261 0.280000 0.220870 0.191304
1 0.090435 0.919130 0.177391 0.161739
1 0.389565 0.731304 0.347826 0.196522
1 0.300870 0.887826 0.187826 0.224348
1 0.456522 0.903478 0.189565 0.193043
