0 0.122596 0.633413 0.240385 0.430288
1 0.134615 0.920673 0.168269 0.153846
1 0.141827 0.194712 0.182692 0.206731
1 0.316106 0.941106 0.189904 0.117788
1 0.687500 0.834135 0.192308 0.216346
1 0.510817 0.096154 0.204327 0.187500
1 0.381010 0.243990 0.185096 0.218750
1 0.780048 0.234375 0.170673 0.204327
1 0.537260 0.286058 0.209135 0.197115
1 0.497596 0.522837 0.240385 0.242788
1 0.230769 0.384615 0.163462 0.225962
1 0.721154 0.599760 0.216346 0.228365
1 0.479567 0.909856 0.204327 0.180288
1 0.215144 0.088942 0.185096 0.173077
1 0.873798 0.628606 0.165865 0.223558
1 0.496394 0.836538 0.161058 0.201923
1 0.804087 0.027644 0.185096 0.050481
1 0.860577 0.884615 0.173077 0.192308
1 0.968750 0.670673 0.062500 0.211538
1 0.301683 0.043269 0.175481 0.081731
1 0.861779 0.156250 0.185096 0.201923
1 0.875000 0.412260 0.134615 0.185096
1 0.953125 0.507212 0.093750 0.153846
1 0.920673 0.282452 0.125000 0.156250
1 0.366587 0.524038 0.156250 0.216346
