1 0.731250 0.821875 0.171875 0.235417
0 0.366406 0.818750 0.335938 0.362500
1 0.906250 0.880208 0.165625 0.193750
1 0.910937 0.441667 0.175000 0.233333
1 0.367188 0.520833 0.203125 0.254167
1 0.628125 0.172917 0.165625 0.200000
1 0.814844 0.268750 0.198437 0.237500
1 0.621875 0.382292 0.168750 0.252083
1 0.250000 0.286458 0.203125 0.264583
1 0.880469 0.667708 0.182812 0.218750
1 0.562500 0.612500 0.184375 0.241667
1 0.107031 0.518750 0.207813 0.275000
1 0.932813 0.083333 0.134375 0.162500
1 0.351562 0.121875 0.178125 0.231250
1 0.766406 0.079167 0.198437 0.154167
1 0.167969 0.065625 0.142187 0.127083
2 0.950000 0.308333 0.046875 0.066667
