0 0.388281 0.836458 0.310937 0.327083
1 0.369531 0.346875 0.170313 0.231250
1 0.275000 0.073958 0.162500 0.143750
1 0.905469 0.951042 0.151562 0.093750
1 0.201563 0.296875 0.178125 0.243750
1 0.492188 0.219792 0.156250 0.214583
1 0.562500 0.591667 0.146875 0.208333
1 0.857031 0.756250 0.164062 0.212500
1 0.071875 0.469792 0.140625 0.235417
1 0.941406 0.302083 0.117188 0.212500
1 0.883594 0.178125 0.179688 0.222917
1 0.656250 0.953125 0.162500 0.093750
1 0.058594 0.211458 0.114062 0.256250
1 0.660937 0.717708 0.162500 0.193750
1 0.677344 0.313542 0.160938 0.197917
1 0.780469 0.048958 0.145313 0.093750
1 0.640625 0.207292 0.165625 0.197917
1 0.257031 0.653125 0.167187 0.222917
1 0.050781 0.961458 0.098437 0.077083
1 0.820312 0.440625 0.187500 0.256250
1 0.713281 0.778125 0.148438 0.197917
1 0.936719 0.555208 0.126562 0.214583
1 0.558594 0.128125 0.164062 0.235417
1 0.033594 0.647917 0.064062 0.204167
1 0.956250 0.550000 0.087500 0.212500
1 0.139063 0.796875 0.168750 0.168750
1 0.175000 0.942708 0.137500 0.114583
1 0.138281 0.620833 0.135937 0.170833
