1 0.066957 0.747826 0.130435 0.229565
1 0.081739 0.300870 0.160000 0.250435
1 0.147826 0.533913 0.267826 0.264348
1 0.773913 0.698261 0.260870 0.238261
1 0.226957 0.854783 0.220870 0.227826
1 0.263478 0.179130 0.224348 0.229565
1 0.516522 0.120000 0.212174 0.236522
1 0.904348 0.140000 0.191304 0.241739
1 0.889565 0.540000 0.217391 0.206957
1 0.819130 0.872174 0.260870 0.255652
1 0.464348 0.953913 0.236522 0.092174
1 0.900870 0.350435 0.194783 0.193043
1 0.445217 0.832174 0.233043 0.213913
0 0.503478 0.516522 0.467826 0.448696
