1 0.920833 0.847107 0.158333 0.217631
1 0.080556 0.243802 0.155556 0.212121
1 0.098611 0.957300 0.191667 0.085399
1 0.568056 0.108815 0.191667 0.201102
1 0.044444 0.455923 0.083333 0.217631
1 0.119444 0.732782 0.233333 0.236915
1 0.773611 0.391185 0.236111 0.253444
1 0.681944 0.887052 0.252778 0.214876
1 0.380556 0.210744 0.244444 0.234160
1 0.848611 0.177686 0.252778 0.250689
1 0.459722 0.896694 0.197222 0.206612
1 0.944444 0.037190 0.111111 0.068871
1 0.716667 0.672176 0.272222 0.225895
2 0.333333 0.903581 0.088889 0.093664
2 0.773611 0.114325 0.086111 0.085399
0 0.495833 0.501377 0.375000 0.391185
