0 0.366587 0.788462 0.372596 0.423077
1 0.579327 0.498798 0.177885 0.165865
1 0.212740 0.572115 0.185096 0.206731
1 0.653846 0.138221 0.173077 0.194712
1 0.644231 0.331731 0.182692 0.201923
1 0.395433 0.502404 0.189904 0.182692
1 0.887019 0.253606 0.182692 0.209135
1 0.371394 0.118990 0.218750 0.228365
1 0.067308 0.193510 0.129808 0.223558
1 0.927885 0.608173 0.144231 0.221154
1 0.858173 0.953125 0.187500 0.093750
1 0.706731 0.906250 0.182692 0.182692
1 0.682692 0.687500 0.177885 0.230769
1 0.948317 0.121394 0.103365 0.228365
1 0.061298 0.926683 0.117788 0.146635
1 0.081731 0.616587 0.158654 0.257212
1 0.810096 0.594952 0.182692 0.314904
2 0.228365 0.372596 0.076923 0.091346
1 0.974760 0.906250 0.050481 0.187500
1 0.617788 0.902644 0.187500 0.194712
1 0.133413 0.388221 0.209135 0.194712
1 0.043269 0.417067 0.081731 0.204327
1 0.387019 0.336538 0.201923 0.168269
1 0.495192 0.262019 0.134615 0.168269
