0 0.453125 0.740385 0.396635 0.475962
1 0.402644 0.402644 0.209135 0.228365
1 0.810096 0.651442 0.177885 0.197115
1 0.207933 0.048077 0.180288 0.091346
1 0.076923 0.395433 0.149038 0.204327
1 0.557692 0.100962 0.225962 0.197115
1 0.913462 0.688702 0.163462 0.175481
1 0.924279 0.866587 0.151442 0.199519
2 0.139423 0.691106 0.072115 0.079327
1 0.783654 0.067308 0.163462 0.129808
1 0.701923 0.233173 0.163462 0.192308
1 0.105769 0.213942 0.192308 0.221154
1 0.719952 0.954327 0.194712 0.091346
1 0.927885 0.413462 0.144231 0.192308
1 0.310096 0.191106 0.192308 0.271635
1 0.800481 0.909856 0.177885 0.175481
1 0.974760 0.111779 0.050481 0.218750
1 0.861779 0.054087 0.204327 0.103365
1 0.060096 0.859375 0.115385 0.228365
1 0.060096 0.257212 0.115385 0.221154
1 0.783654 0.253606 0.129808 0.237981
1 0.527644 0.317308 0.213942 0.216346
1 0.634615 0.454327 0.173077 0.221154
1 0.816106 0.473558 0.175481 0.192308
1 0.193510 0.861779 0.165865 0.276442
