1 0.751389 0.579890 0.186111 0.228650
1 0.730556 0.157025 0.183333 0.209366
1 0.290278 0.157025 0.191667 0.203857
1 0.918056 0.455923 0.163889 0.245179
1 0.925000 0.198347 0.150000 0.214876
1 0.502778 0.086777 0.205556 0.168044
1 0.077778 0.133609 0.150000 0.245179
1 0.859722 0.925620 0.208333 0.148760
1 0.059722 0.528926 0.113889 0.220386
1 0.609722 0.720386 0.241667 0.190083
1 0.602778 0.909091 0.238889 0.181818
1 0.875000 0.031680 0.216667 0.057851
1 0.037500 0.935262 0.069444 0.129477
0 0.501389 0.407713 0.419444 0.429752
0 0.304167 0.797521 0.402778 0.404959
