1 0.906944 0.217631 0.186111 0.214876
1 0.661111 0.903581 0.205556 0.192837
1 0.904167 0.567493 0.191667 0.231405
1 0.243056 0.698347 0.202778 0.217631
1 0.072222 0.698347 0.138889 0.223140
1 0.322222 0.202479 0.238889 0.223140
1 0.834722 0.129477 0.213889 0.203857
1 0.112500 0.269972 0.219444 0.275482
1 0.626389 0.085399 0.230556 0.165289
1 0.183333 0.480716 0.216667 0.239669
1 0.394444 0.073003 0.233333 0.140496
1 0.055556 0.128099 0.105556 0.223140
1 0.036111 0.483471 0.066667 0.217631
1 0.343056 0.940771 0.252778 0.118457
1 0.684722 0.245179 0.208333 0.198347
1 0.484722 0.826446 0.236111 0.220386
1 0.798611 0.574380 0.169444 0.245179
1 0.856944 0.858127 0.191667 0.173554
1 0.873611 0.966942 0.252778 0.066116
1 0.972222 0.855372 0.055556 0.234160
0 0.504167 0.495868 0.469444 0.457300
