1 0.699519 0.231971 0.182692 0.209135
1 0.694712 0.814904 0.173077 0.177885
1 0.224760 0.591346 0.204327 0.206731
0 0.495192 0.866587 0.206731 0.257212
1 0.104567 0.776442 0.204327 0.206731
1 0.039663 0.431490 0.074519 0.213942
1 0.058894 0.069712 0.112981 0.134615
1 0.366587 0.474760 0.194712 0.194712
1 0.421875 0.602163 0.180288 0.185096
1 0.953125 0.100962 0.093750 0.197115
1 0.600962 0.644231 0.173077 0.225962
1 0.959135 0.362981 0.081731 0.230769
2 0.295673 0.903846 0.110577 0.134615
2 0.168269 0.460337 0.067308 0.074519
1 0.567308 0.424279 0.197115 0.233173
1 0.856971 0.034856 0.161058 0.064904
1 0.256010 0.199519 0.185096 0.250000
1 0.883413 0.888221 0.170673 0.213942
1 0.182692 0.269231 0.206731 0.235577
1 0.496394 0.126202 0.199519 0.228365
1 0.688702 0.938702 0.213942 0.122596
1 0.024038 0.954327 0.043269 0.091346
