0 0.494531 0.806250 0.370312 0.387500
1 0.301563 0.166667 0.181250 0.183333
1 0.893750 0.664583 0.184375 0.225000
1 0.510156 0.165625 0.170313 0.202083
1 0.216406 0.890625 0.139063 0.202083
1 0.856250 0.887500 0.159375 0.204167
1 0.959375 0.136458 0.081250 0.235417
1 0.139844 0.555208 0.135937 0.172917
1 0.725000 0.726042 0.156250 0.206250
1 0.448437 0.322917 0.187500 0.241667
1 0.053906 0.485417 0.104688 0.195833
1 0.078125 0.717708 0.150000 0.197917
1 0.792969 0.241667 0.145313 0.216667
1 0.683594 0.416667 0.170313 0.270833
1 0.134375 0.184375 0.125000 0.177083
1 0.960938 0.282292 0.078125 0.185417
1 0.110937 0.106250 0.159375 0.195833
1 0.793750 0.050000 0.143750 0.095833
1 0.731250 0.927083 0.156250 0.145833
1 0.074219 0.900000 0.145313 0.200000
1 0.340625 0.965625 0.118750 0.068750
1 0.019531 0.693750 0.035937 0.162500
1 0.011719 0.114583 0.020313 0.183333
1 0.275781 0.737500 0.157812 0.212500
1 0.451562 0.056250 0.184375 0.108333
1 0.855469 0.343750 0.117188 0.154167
