1 0.918261 0.631304 0.163478 0.212174
1 0.821739 0.310435 0.227826 0.231304
1 0.549565 0.944348 0.264348 0.111304
1 0.694783 0.548696 0.227826 0.280000
1 0.782609 0.112174 0.274783 0.220870
1 0.180000 0.180000 0.252174 0.252174
1 0.139130 0.367826 0.212174 0.241739
1 0.868696 0.887826 0.262609 0.189565
1 0.577391 0.744348 0.267826 0.222609
1 0.293913 0.785217 0.250435 0.262609
1 0.166087 0.634783 0.217391 0.229565
1 0.415652 0.056522 0.267826 0.109565
0 0.459130 0.426957 0.469565 0.502609
1 0.471304 0.108696 0.274783 0.186087
