0 0.657452 0.592548 0.367788 0.348558
1 0.296875 0.222356 0.213942 0.175481
1 0.917067 0.465144 0.165865 0.185096
1 0.894231 0.302885 0.206731 0.182692
1 0.054087 0.277644 0.103365 0.180288
1 0.927885 0.681490 0.144231 0.199519
1 0.075721 0.104567 0.146635 0.165865
1 0.270433 0.651442 0.233173 0.173077
1 0.502404 0.385817 0.201923 0.199519
1 0.070913 0.763221 0.137019 0.204327
1 0.081731 0.611779 0.158654 0.189904
1 0.572115 0.092548 0.211538 0.170673
1 0.568510 0.885817 0.228365 0.218750
2 0.951923 0.204327 0.076923 0.067308
1 0.213942 0.493990 0.206731 0.175481
1 0.425481 0.786058 0.187500 0.153846
1 0.417067 0.622596 0.141827 0.173077
1 0.856971 0.060096 0.218750 0.115385
1 0.924279 0.901442 0.151442 0.197115
