1 0.292969 0.803125 0.164062 0.189583
0 0.532813 0.644792 0.318750 0.364583
1 0.239063 0.070833 0.143750 0.137500
1 0.810937 0.368750 0.143750 0.170833
1 0.065625 0.239583 0.128125 0.200000
1 0.396875 0.088542 0.171875 0.172917
1 0.704688 0.806250 0.159375 0.216667
1 0.203906 0.250000 0.182812 0.187500
1 0.125781 0.630208 0.157812 0.222917
1 0.286719 0.425000 0.145313 0.183333
2 0.930469 0.518750 0.070312 0.091667
1 0.403906 0.339583 0.160938 0.225000
2 0.970313 0.467708 0.046875 0.064583
1 0.120313 0.833333 0.165625 0.212500
1 0.809375 0.075000 0.168750 0.145833
1 0.015625 0.073958 0.028125 0.143750
1 0.539062 0.027083 0.134375 0.050000
1 0.960938 0.660417 0.078125 0.229167
1 0.571094 0.929167 0.129688 0.141667
1 0.810156 0.928125 0.157812 0.143750
1 0.081250 0.983333 0.159375 0.033333
1 0.933594 0.953125 0.129688 0.093750
1 0.616406 0.314583 0.220312 0.233333
1 0.728125 0.156250 0.193750 0.208333
1 0.439844 0.901042 0.154688 0.193750
1 0.936719 0.258333 0.126562 0.204167
1 0.687500 0.946875 0.150000 0.106250
