0 0.818510 0.453125 0.362981 0.338942
1 0.179087 0.740385 0.194712 0.177885
2 0.806490 0.639423 0.098558 0.072115
2 0.885817 0.149038 0.084135 0.067308
1 0.066106 0.290865 0.127404 0.211538
1 0.694712 0.907452 0.225962 0.180288
1 0.548077 0.786058 0.230769 0.197115
1 0.956731 0.203125 0.086538 0.156250
1 0.237981 0.919471 0.187500 0.156250
1 0.945913 0.673077 0.108173 0.153846
1 0.901442 0.864183 0.182692 0.170673
1 0.463942 0.362981 0.192308 0.168269
1 0.437500 0.631010 0.177885 0.180288
1 0.514423 0.102163 0.216346 0.127404
1 0.098558 0.525240 0.192308 0.146635
1 0.439904 0.021635 0.216346 0.038462
1 0.052885 0.655048 0.100962 0.170673
1 0.560096 0.222356 0.221154 0.141827
1 0.740385 0.097356 0.216346 0.112981
1 0.175481 0.069712 0.245192 0.134615
1 0.486779 0.489183 0.170673 0.132212
1 0.354567 0.872596 0.185096 0.168269
1 0.045673 0.841346 0.086538 0.149038
1 0.616587 0.618990 0.189904 0.189904
