1 0.833333 0.885675 0.227778 0.228650
1 0.931944 0.582645 0.136111 0.212121
1 0.470833 0.088154 0.213889 0.170799
1 0.054167 0.778237 0.102778 0.206612
1 0.747222 0.666667 0.222222 0.225895
1 0.177778 0.900826 0.227778 0.198347
1 0.169444 0.606061 0.205556 0.214876
1 0.836111 0.079890 0.244444 0.154270
1 0.727778 0.345730 0.177778 0.267218
1 0.273611 0.151515 0.230556 0.214876
1 0.345833 0.756198 0.236111 0.228650
1 0.554167 0.860882 0.230556 0.228650
1 0.204167 0.376033 0.258333 0.228650
1 0.022222 0.435262 0.038889 0.231405
1 0.150000 0.026171 0.272222 0.046832
1 0.022222 0.668044 0.038889 0.217631
1 0.027778 0.938017 0.050000 0.123967
0 0.501389 0.493113 0.347222 0.347107
