1 0.088889 0.848485 0.172222 0.231405
1 0.945833 0.559229 0.108333 0.253444
1 0.780556 0.290634 0.277778 0.245179
1 0.920833 0.856749 0.158333 0.231405
1 0.947222 0.173554 0.105556 0.225895
1 0.173611 0.363636 0.258333 0.247934
1 0.286111 0.719008 0.211111 0.209366
1 0.350000 0.944904 0.272222 0.110193
1 0.176389 0.610193 0.241667 0.250689
1 0.802778 0.680441 0.266667 0.231405
1 0.504167 0.829201 0.258333 0.242424
1 0.768056 0.061983 0.225000 0.118457
2 0.226389 0.866391 0.108333 0.101928
1 0.145833 0.096419 0.252778 0.187328
1 0.031944 0.207989 0.058333 0.245179
1 0.116667 0.977961 0.227778 0.044077
1 0.490278 0.024793 0.286111 0.044077
1 0.019444 0.630854 0.033333 0.303030
1 0.750000 0.093664 0.250000 0.181818
1 0.209722 0.048209 0.202778 0.090909
0 0.501389 0.497245 0.402778 0.388430
