1 0.146875 0.294792 0.178125 0.214583
1 0.147656 0.512500 0.185938 0.216667
1 0.578125 0.135417 0.178125 0.208333
1 0.151562 0.840625 0.168750 0.231250
0 0.728125 0.650000 0.462500 0.541667
1 0.653906 0.934375 0.170313 0.131250
1 0.448437 0.665625 0.168750 0.222917
1 0.038281 0.875000 0.073438 0.241667
1 0.394531 0.914583 0.176563 0.170833
1 0.934375 0.121875 0.125000 0.218750
1 0.303906 0.779167 0.148438 0.212500
1 0.268750 0.135417 0.175000 0.204167
1 0.036719 0.629167 0.070312 0.204167
1 0.049219 0.092708 0.095312 0.181250
1 0.617188 0.341667 0.209375 0.208333
1 0.269531 0.518750 0.173437 0.262500
1 0.968750 0.350000 0.062500 0.220833
1 0.871875 0.396875 0.168750 0.239583
1 0.214062 0.063542 0.159375 0.122917
1 0.713281 0.057292 0.148438 0.110417
1 0.969531 0.816667 0.060937 0.225000
1 0.230469 0.981250 0.170313 0.037500
