1 0.100000 0.859130 0.196522 0.253913
1 0.368696 0.873913 0.219130 0.238261
1 0.639130 0.736522 0.220870 0.234783
1 0.741739 0.160870 0.210435 0.234783
1 0.073913 0.561739 0.144348 0.246957
1 0.859130 0.802609 0.222609 0.227826
1 0.233043 0.413913 0.229565 0.236522
1 0.382609 0.220870 0.240000 0.229565
1 0.579130 0.927826 0.215652 0.144348
0 0.503478 0.495652 0.325217 0.326957
1 0.144348 0.204348 0.243478 0.231304
1 0.194783 0.966957 0.236522 0.066087
1 0.879130 0.346957 0.234783 0.238261
1 0.902609 0.965217 0.194783 0.069565
1 0.048696 0.254783 0.093913 0.224348
1 0.131304 0.040000 0.259130 0.076522
1 0.935652 0.206087 0.128696 0.259130
