0 0.499219 0.865625 0.220312 0.256250
1 0.470313 0.100000 0.200000 0.195833
1 0.102344 0.541667 0.185938 0.245833
2 0.173437 0.664583 0.071875 0.091667
1 0.072656 0.767708 0.142187 0.193750
2 0.577344 0.719792 0.067187 0.085417
1 0.356250 0.686458 0.190625 0.222917
1 0.072656 0.085417 0.142187 0.166667
1 0.507812 0.335417 0.159375 0.204167
1 0.814063 0.341667 0.165625 0.200000
1 0.665625 0.947917 0.150000 0.104167
1 0.871875 0.936458 0.162500 0.127083
1 0.179688 0.908333 0.218750 0.179167
1 0.916406 0.639583 0.167187 0.275000
1 0.352344 0.468750 0.189062 0.237500
1 0.738281 0.481250 0.176563 0.262500
1 0.743750 0.520833 0.165625 0.187500
1 0.331250 0.894792 0.146875 0.210417
1 0.567187 0.278125 0.168750 0.214583
1 0.075781 0.330208 0.148438 0.189583
1 0.898438 0.397917 0.171875 0.229167
1 0.572656 0.593750 0.226562 0.170833
1 0.231250 0.139583 0.131250 0.150000
1 0.180469 0.266667 0.129688 0.195833
1 0.228906 0.418750 0.139063 0.187500
1 0.913281 0.126042 0.173437 0.189583
