1 0.429167 0.059229 0.241667 0.112948
1 0.768056 0.874656 0.241667 0.250689
1 0.534722 0.809917 0.247222 0.242424
1 0.877778 0.179063 0.244444 0.286501
1 0.181944 0.601928 0.258333 0.250689
1 0.050000 0.709366 0.094444 0.228650
1 0.886111 0.497245 0.227778 0.250689
1 0.054167 0.340220 0.102778 0.267218
1 0.245833 0.816804 0.202778 0.223140
2 0.056944 0.035813 0.097222 0.066116
1 0.675000 0.073003 0.261111 0.140496
1 0.045833 0.944904 0.086111 0.110193
1 0.590278 0.971074 0.280556 0.057851
1 0.973611 0.070248 0.052778 0.134986
1 0.969444 0.644628 0.061111 0.242424
1 0.205556 0.064738 0.227778 0.123967
0 0.497222 0.497245 0.388889 0.344353
1 0.666667 0.276860 0.172222 0.212121
1 0.583333 0.214876 0.216667 0.192837
