1 0.322222 0.778237 0.205556 0.223140
1 0.081944 0.108815 0.158333 0.212121
1 0.937500 0.488981 0.125000 0.190083
1 0.108333 0.600551 0.211111 0.214876
1 0.615278 0.112948 0.219444 0.214876
1 0.947222 0.231405 0.105556 0.253444
1 0.850000 0.900826 0.227778 0.198347
1 0.134722 0.881543 0.225000 0.220386
1 0.238889 0.056474 0.211111 0.107438
1 0.211111 0.399449 0.200000 0.242424
1 0.869444 0.658402 0.216667 0.214876
1 0.725000 0.707989 0.227778 0.225895
1 0.534722 0.829201 0.230556 0.225895
1 0.219444 0.249311 0.238889 0.201102
1 0.905556 0.033058 0.188889 0.060606
1 0.973611 0.819559 0.052778 0.206612
1 0.286111 0.971074 0.238889 0.057851
1 0.766667 0.347107 0.188889 0.198347
1 0.750000 0.099174 0.222222 0.192837
1 0.018056 0.286501 0.030556 0.214876
1 0.936111 0.975207 0.127778 0.049587
1 0.875000 0.347107 0.150000 0.181818
1 0.015278 0.466942 0.025000 0.217631
0 0.498611 0.500000 0.391667 0.415978
