1 0.751389 0.071625 0.219444 0.137741
1 0.090278 0.738292 0.175000 0.192837
1 0.931944 0.144628 0.136111 0.234160
1 0.191667 0.533058 0.238889 0.250689
1 0.647222 0.887052 0.250000 0.225895
1 0.938889 0.837466 0.122222 0.264463
1 0.727778 0.282369 0.205556 0.212121
1 0.120833 0.179063 0.236111 0.280992
1 0.308333 0.767218 0.211111 0.212121
1 0.433333 0.867769 0.211111 0.220386
1 0.802778 0.537190 0.233333 0.286501
0 0.504167 0.501377 0.347222 0.336088
2 0.143056 0.954545 0.119444 0.090909
2 0.159722 0.382920 0.108333 0.099174
2 0.040278 0.355372 0.075000 0.110193
1 0.041667 0.966942 0.077778 0.066116
