1 0.634693 0.237685 0.205322 0.207569
1 0.525803 0.903883 0.2071 0.192234
1 0.933345 0.927986 0.131574 0.144028
1 0.903478 0.569803 0.193045 0.207841
1 0.728965 0.907086 0.208509 0.185828
1 0.0607993 0.184297 0.119974 0.217298
1 0.282088 0.623282 0.167801 0.192764
1 0.0913082 0.452902 0.179293 0.177618
1 0.808131 0.109276 0.212712 0.21269
1 0.457824 0.106063 0.211992 0.212127
1 0.103635 0.634512 0.198937 0.199904
1 0.640834 0.724931 0.221744 0.212388
0 0.508834 0.506565 0.311531 0.314536
1 0.913343 0.0624903 0.173314 0.124418
1 0.978905 0.356473 0.0421897 0.256697
1 0.292368 0.983383 0.220042 0.0332344
2 0.833133 0.310512 0.0810215 0.0790095
