1 0.072222 0.706612 0.138889 0.234160
1 0.116667 0.377410 0.227778 0.225895
1 0.966667 0.377410 0.066667 0.203857
1 0.187500 0.895317 0.241667 0.209366
1 0.572222 0.920110 0.250000 0.159780
1 0.219444 0.577135 0.216667 0.228650
1 0.405556 0.778237 0.188889 0.283747
1 0.970833 0.831956 0.058333 0.258953
1 0.777778 0.348485 0.272222 0.261708
1 0.172222 0.128099 0.283333 0.228650
1 0.797222 0.793388 0.255556 0.247934
1 0.879167 0.030303 0.241667 0.055096
1 0.459722 0.084022 0.258333 0.162534
0 0.505556 0.501377 0.344444 0.292011
