0 0.766827 0.569712 0.326923 0.423077
1 0.448317 0.852163 0.180288 0.185096
1 0.465144 0.234375 0.175481 0.185096
1 0.953125 0.891827 0.093750 0.197115
1 0.480769 0.078125 0.201923 0.151442
1 0.795673 0.861779 0.192308 0.165865
1 0.622596 0.888221 0.168269 0.185096
1 0.548077 0.413462 0.182692 0.187500
1 0.090144 0.558894 0.175481 0.199519
1 0.957933 0.682692 0.084135 0.168269
1 0.849760 0.955529 0.161058 0.088942
1 0.843750 0.045673 0.173077 0.086538
1 0.633413 0.313702 0.175481 0.180288
2 0.026442 0.635817 0.048077 0.074519
1 0.849760 0.233173 0.209135 0.254808
2 0.246394 0.593750 0.098558 0.105769
1 0.074519 0.805288 0.144231 0.254808
2 0.123798 0.304087 0.074519 0.093750
2 0.415865 0.616587 0.081731 0.093750
1 0.066106 0.447115 0.127404 0.216346
1 0.937500 0.129808 0.125000 0.187500
1 0.966346 0.324519 0.067308 0.216346
1 0.468750 0.973558 0.201923 0.052885
1 0.981971 0.532452 0.036058 0.165865
1 0.243990 0.118990 0.189904 0.204327
1 0.554087 0.692308 0.170673 0.221154
1 0.262019 0.781250 0.182692 0.240385
1 0.043269 0.213942 0.081731 0.187500
1 0.108173 0.069712 0.144231 0.134615
