1 0.055556 0.873278 0.105556 0.253444
1 0.405556 0.206612 0.255556 0.236915
1 0.226389 0.942149 0.241667 0.115702
1 0.036111 0.304408 0.066667 0.245179
1 0.230556 0.068871 0.200000 0.132231
1 0.426389 0.870523 0.225000 0.225895
1 0.223611 0.760331 0.213889 0.253444
1 0.865278 0.586777 0.241667 0.247934
1 0.668056 0.823691 0.275000 0.258953
1 0.863889 0.918733 0.272222 0.157025
1 0.588889 0.052342 0.272222 0.099174
1 0.956944 0.758953 0.086111 0.261708
1 0.862500 0.049587 0.275000 0.093664
1 0.916667 0.482094 0.166667 0.253444
0 0.498611 0.541322 0.447222 0.410468
