1 0.401739 0.866957 0.264348 0.266087
1 0.784348 0.418261 0.219130 0.273043
1 0.200870 0.750435 0.200000 0.238261
1 0.144348 0.930435 0.257391 0.139130
1 0.141739 0.072174 0.259130 0.140870
1 0.757391 0.939130 0.252174 0.121739
1 0.177391 0.329565 0.233043 0.241739
1 0.780000 0.668696 0.217391 0.245217
1 0.941739 0.401739 0.116522 0.274783
1 0.054783 0.719130 0.106087 0.238261
1 0.493913 0.110435 0.226087 0.217391
1 0.926957 0.245217 0.142609 0.219130
1 0.040000 0.271304 0.076522 0.236522
0 0.476522 0.534783 0.420870 0.446957
1 0.582609 0.198261 0.274783 0.215652
