1 0.856522 0.525217 0.224348 0.253913
1 0.666087 0.111304 0.250435 0.219130
1 0.905217 0.834783 0.189565 0.295652
1 0.885217 0.073913 0.226087 0.144348
1 0.720000 0.312174 0.233043 0.290435
0 0.484348 0.500870 0.387826 0.365217
1 0.960000 0.326087 0.080000 0.262609
1 0.285217 0.140000 0.226087 0.203478
1 0.384348 0.935652 0.271304 0.128696
1 0.094783 0.130435 0.186087 0.212174
1 0.093043 0.763478 0.182609 0.201739
1 0.105217 0.599130 0.206957 0.182609
1 0.113043 0.504348 0.222609 0.146087
1 0.137391 0.403478 0.222609 0.184348
1 0.120000 0.298261 0.236522 0.161739
1 0.578261 0.901739 0.245217 0.196522
1 0.627826 0.738261 0.243478 0.151304
1 0.814783 0.743478 0.186087 0.217391
