0 0.634615 0.177885 0.355769 0.350962
1 0.640625 0.669471 0.185096 0.237981
1 0.745192 0.939904 0.173077 0.120192
1 0.135817 0.264423 0.165865 0.173077
1 0.447115 0.412260 0.163462 0.213942
1 0.817308 0.718750 0.197115 0.250000
1 0.086538 0.044471 0.163462 0.084135
1 0.060096 0.712740 0.115385 0.218750
1 0.514423 0.795673 0.163462 0.221154
1 0.954327 0.830529 0.091346 0.213942
1 0.359375 0.813702 0.180288 0.189904
1 0.324519 0.692308 0.168269 0.182692
1 0.110577 0.846154 0.197115 0.225962
1 0.849760 0.061298 0.146635 0.117788
1 0.288462 0.217548 0.158654 0.199519
1 0.223558 0.965144 0.139423 0.069712
1 0.343750 0.044471 0.173077 0.084135
1 0.332933 0.284856 0.180288 0.189904
1 0.753606 0.343750 0.165865 0.240385
1 0.175481 0.551683 0.197115 0.228365
1 0.933894 0.538462 0.122596 0.230769
1 0.066106 0.442308 0.127404 0.221154
1 0.453125 0.901442 0.165865 0.197115
1 0.891827 0.191106 0.153846 0.165865
1 0.891827 0.393029 0.134615 0.189904
