1 0.805556 0.432507 0.188889 0.198347
1 0.931944 0.904959 0.136111 0.184573
1 0.948611 0.389807 0.102778 0.206612
1 0.569444 0.819559 0.266667 0.234160
1 0.806944 0.730028 0.236111 0.225895
1 0.243056 0.276860 0.225000 0.201102
1 0.377778 0.100551 0.238889 0.195592
1 0.959722 0.606061 0.080556 0.225895
1 0.856944 0.046832 0.219444 0.088154
1 0.047222 0.893939 0.088889 0.212121
2 0.697222 0.042700 0.094444 0.079890
1 0.565278 0.022039 0.202778 0.038567
1 0.772222 0.228650 0.261111 0.203857
1 0.018056 0.586777 0.030556 0.220386
1 0.986111 0.073003 0.027778 0.140496
0 0.504167 0.500000 0.375000 0.388430
1 0.147222 0.477961 0.255556 0.272727
1 0.947222 0.958678 0.105556 0.082645
