1 0.792188 0.428125 0.162500 0.202083
0 0.189062 0.575000 0.278125 0.362500
1 0.090625 0.934375 0.175000 0.131250
1 0.322656 0.325000 0.154688 0.195833
1 0.195312 0.213542 0.171875 0.177083
1 0.030469 0.408333 0.057813 0.195833
1 0.710156 0.952083 0.160938 0.095833
2 0.105469 0.321875 0.070312 0.093750
1 0.509375 0.652083 0.200000 0.245833
2 0.482031 0.416667 0.064062 0.083333
2 0.946875 0.911458 0.059375 0.085417
1 0.341406 0.878125 0.164062 0.218750
1 0.060156 0.119792 0.117188 0.222917
1 0.732812 0.811458 0.162500 0.189583
1 0.366406 0.235417 0.160938 0.200000
2 0.830469 0.748958 0.051562 0.072917
1 0.542188 0.172917 0.212500 0.291667
1 0.189844 0.846875 0.176563 0.193750
2 0.368750 0.444792 0.050000 0.068750
1 0.464062 0.938542 0.165625 0.122917
1 0.896094 0.960417 0.170313 0.079167
1 0.261719 0.044792 0.139063 0.085417
1 0.885156 0.628125 0.154688 0.202083
1 0.981250 0.575000 0.037500 0.204167
1 0.742188 0.066667 0.137500 0.129167
1 0.156250 0.038542 0.178125 0.072917
1 0.782031 0.146875 0.167187 0.206250
1 0.551562 0.892708 0.168750 0.210417
1 0.888281 0.132292 0.173437 0.210417
1 0.853125 0.325000 0.150000 0.195833
1 0.945312 0.248958 0.106250 0.218750
1 0.926562 0.753125 0.146875 0.193750
1 0.053125 0.711458 0.096875 0.239583
