1 0.926389 0.071625 0.147222 0.137741
1 0.381944 0.949036 0.213889 0.101928
1 0.081944 0.082645 0.158333 0.159780
1 0.118056 0.588154 0.202778 0.256198
1 0.063889 0.860882 0.122222 0.245179
1 0.718056 0.946281 0.269444 0.107438
1 0.263889 0.243802 0.233333 0.239669
1 0.055556 0.337466 0.105556 0.228650
1 0.631944 0.081267 0.241667 0.157025
1 0.894444 0.472452 0.211111 0.223140
1 0.347222 0.804408 0.261111 0.198347
1 0.623611 0.803030 0.230556 0.195592
1 0.183333 0.466942 0.200000 0.206612
1 0.111111 0.972452 0.205556 0.055096
1 0.931944 0.869146 0.136111 0.217631
2 0.312500 0.099174 0.086111 0.082645
1 0.198611 0.013774 0.236111 0.022039
2 0.458333 0.144628 0.055556 0.052342
0 0.498611 0.520661 0.441667 0.446281
