1 0.237500 0.099174 0.197222 0.192837
1 0.247222 0.662534 0.188889 0.228650
1 0.072222 0.754821 0.138889 0.220386
1 0.858333 0.935262 0.216667 0.129477
1 0.412500 0.201102 0.202778 0.220386
1 0.113889 0.542700 0.216667 0.231405
1 0.390278 0.049587 0.208333 0.093664
1 0.711111 0.837466 0.216667 0.247934
1 0.595833 0.139118 0.230556 0.212121
1 0.872222 0.673554 0.222222 0.228650
1 0.190278 0.951791 0.213889 0.096419
1 0.895833 0.307163 0.208333 0.223140
1 0.498611 0.949036 0.236111 0.096419
1 0.159722 0.280992 0.202778 0.236915
1 0.501389 0.793388 0.241667 0.220386
1 0.908333 0.579890 0.177778 0.195592
1 0.981944 0.804408 0.036111 0.203857
1 0.638889 0.016529 0.216667 0.027548
1 0.986111 0.442149 0.027778 0.184573
0 0.506944 0.501377 0.402778 0.446281
