1 0.553913 0.943478 0.234783 0.113043
1 0.103478 0.893913 0.203478 0.212174
1 0.090435 0.581739 0.177391 0.252174
1 0.190435 0.413913 0.186087 0.271304
1 0.866957 0.897391 0.245217 0.205217
1 0.313913 0.911304 0.220870 0.173913
1 0.240870 0.692174 0.234783 0.271304
1 0.822609 0.734783 0.292174 0.186087
1 0.923478 0.053913 0.149565 0.104348
1 0.652174 0.112174 0.240000 0.220870
0 0.823478 0.409565 0.353043 0.481739
1 0.423478 0.131304 0.213913 0.234783
1 0.380870 0.333913 0.229565 0.243478
0 0.484348 0.491304 0.412174 0.412174
