0 0.386719 0.645833 0.201563 0.270833
1 0.575000 0.776042 0.178125 0.222917
1 0.553125 0.467708 0.187500 0.214583
1 0.760156 0.717708 0.189062 0.210417
1 0.925781 0.108333 0.148438 0.212500
1 0.223438 0.540625 0.150000 0.222917
1 0.319531 0.253125 0.160938 0.218750
1 0.710156 0.915625 0.179688 0.168750
1 0.350000 0.906250 0.165625 0.187500
1 0.230469 0.754167 0.154688 0.225000
2 0.024219 0.102083 0.045312 0.083333
1 0.043750 0.351042 0.084375 0.218750
1 0.492188 0.215625 0.146875 0.210417
1 0.923438 0.353125 0.150000 0.239583
1 0.614062 0.278125 0.178125 0.210417
1 0.085938 0.042708 0.159375 0.081250
1 0.939063 0.951042 0.121875 0.097917
1 0.104688 0.698958 0.134375 0.193750
1 0.080469 0.950000 0.157812 0.100000
1 0.737500 0.126042 0.190625 0.193750
1 0.796094 0.503125 0.176563 0.210417
1 0.746875 0.406250 0.143750 0.158333
1 0.564063 0.072917 0.165625 0.141667
1 0.264844 0.408333 0.142187 0.166667
1 0.060937 0.550000 0.118750 0.183333
