1 0.952778 0.873278 0.094444 0.225895
1 0.172222 0.293388 0.188889 0.212121
1 0.112500 0.108815 0.219444 0.190083
1 0.061111 0.833333 0.116667 0.250689
1 0.945833 0.056474 0.108333 0.107438
1 0.486111 0.745179 0.227778 0.212121
1 0.933333 0.559229 0.133333 0.231405
1 0.538889 0.913223 0.222222 0.173554
1 0.972222 0.220386 0.055556 0.231405
1 0.918056 0.464187 0.163889 0.201102
1 0.055556 0.228650 0.105556 0.181818
0 0.500000 0.495868 0.277778 0.286501
1 0.098611 0.556474 0.191667 0.253444
1 0.662500 0.873278 0.236111 0.187328
1 0.756944 0.679063 0.225000 0.223140
1 0.655556 0.081267 0.188889 0.157025
1 0.287500 0.973829 0.269444 0.052342
1 0.543056 0.071625 0.180556 0.137741
1 0.030556 0.311295 0.055556 0.209366
1 0.818056 0.964187 0.308333 0.071625
1 0.422222 0.938017 0.183333 0.123967
1 0.648611 0.658402 0.208333 0.203857
1 0.091667 0.453168 0.177778 0.151515
