1 0.604167 0.921488 0.208333 0.157025
1 0.080556 0.112948 0.155556 0.220386
1 0.913889 0.205234 0.166667 0.245179
1 0.930556 0.746556 0.138889 0.236915
1 0.840278 0.057851 0.236111 0.110193
1 0.173611 0.296143 0.252778 0.261708
1 0.305556 0.871901 0.222222 0.234160
1 0.098611 0.920110 0.191667 0.154270
1 0.736111 0.730028 0.238889 0.247934
1 0.329167 0.123967 0.230556 0.242424
1 0.881944 0.447658 0.236111 0.234160
1 0.577778 0.107438 0.255556 0.209366
1 0.198611 0.522039 0.236111 0.245179
1 0.041667 0.610193 0.077778 0.234160
1 0.022222 0.349862 0.038889 0.236915
0 0.500000 0.497245 0.344444 0.438017
