0 0.528846 0.633413 0.322115 0.391827
1 0.068510 0.237981 0.132212 0.187500
1 0.292067 0.806490 0.170673 0.180288
1 0.239183 0.069712 0.151442 0.134615
1 0.394231 0.087740 0.182692 0.170673
1 0.810096 0.368990 0.149038 0.170673
1 0.201923 0.250000 0.192308 0.182692
1 0.122596 0.832933 0.173077 0.194712
1 0.286058 0.425481 0.149038 0.182692
1 0.128606 0.631010 0.161058 0.223558
1 0.701923 0.801683 0.173077 0.209135
1 0.722356 0.155048 0.218750 0.204327
1 0.401442 0.340144 0.173077 0.223558
1 0.616587 0.326923 0.228365 0.201923
2 0.930288 0.520433 0.076923 0.088942
2 0.969952 0.468750 0.055288 0.072115
1 0.807692 0.075721 0.173077 0.146635
1 0.016827 0.075721 0.028846 0.146635
1 0.537260 0.026442 0.132212 0.048077
1 0.957933 0.657452 0.084135 0.237981
1 0.390625 0.947115 0.199519 0.105769
1 0.812500 0.932692 0.158654 0.134615
1 0.639423 0.937500 0.221154 0.125000
1 0.929087 0.251202 0.141827 0.209135
