1 0.052778 0.717631 0.100000 0.223140
1 0.658333 0.103306 0.194444 0.201102
1 0.455556 0.078512 0.194444 0.151515
1 0.179167 0.597796 0.191667 0.236915
1 0.956944 0.074380 0.086111 0.143251
1 0.259722 0.151515 0.219444 0.225895
1 0.180556 0.362259 0.233333 0.201102
1 0.794444 0.958678 0.211111 0.082645
1 0.044444 0.158402 0.083333 0.201102
1 0.900000 0.257576 0.200000 0.223140
1 0.880556 0.812672 0.227778 0.225895
1 0.305556 0.900826 0.211111 0.198347
1 0.608333 0.887052 0.205556 0.225895
1 0.761111 0.371901 0.211111 0.242424
1 0.077778 0.028926 0.150000 0.052342
1 0.844444 0.016529 0.161111 0.027548
0 0.506944 0.539945 0.452778 0.457300
