0 0.263221 0.176683 0.353365 0.348558
1 0.498798 0.358173 0.199519 0.211538
1 0.909856 0.527644 0.170673 0.213942
1 0.705529 0.330529 0.213942 0.218750
1 0.790865 0.707933 0.206731 0.247596
1 0.174279 0.667067 0.170673 0.223558
1 0.899038 0.250000 0.192308 0.240385
1 0.794471 0.925481 0.175481 0.149038
1 0.406250 0.948317 0.187500 0.103365
2 0.161058 0.937500 0.072115 0.076923
2 0.697115 0.114183 0.081731 0.079327
1 0.368990 0.743990 0.242788 0.199519
1 0.925481 0.897837 0.149038 0.204327
2 0.561298 0.518029 0.079327 0.079327
1 0.427885 0.634615 0.177885 0.192308
1 0.030048 0.527644 0.055288 0.218750
1 0.061298 0.786058 0.117788 0.245192
1 0.972356 0.397837 0.055288 0.237981
1 0.096154 0.366587 0.187500 0.290865
1 0.625000 0.627404 0.153846 0.225962
2 0.313702 0.596154 0.064904 0.086538
1 0.942308 0.074519 0.115385 0.144231
