0 0.615625 0.191667 0.321875 0.370833
1 0.844531 0.564583 0.192188 0.220833
1 0.396875 0.546875 0.171875 0.222917
1 0.908594 0.756250 0.164062 0.212500
1 0.953906 0.481250 0.092188 0.241667
1 0.592187 0.515625 0.175000 0.256250
1 0.471875 0.830208 0.178125 0.214583
1 0.103125 0.323958 0.150000 0.193750
1 0.035937 0.207292 0.068750 0.210417
1 0.183594 0.857292 0.192188 0.243750
1 0.429688 0.339583 0.143750 0.200000
1 0.834375 0.947917 0.165625 0.104167
1 0.669531 0.502083 0.154688 0.216667
1 0.578125 0.961458 0.153125 0.077083
1 0.701562 0.871875 0.156250 0.197917
1 0.888281 0.123958 0.157812 0.210417
1 0.973437 0.905208 0.053125 0.189583
1 0.094531 0.783333 0.160938 0.200000
1 0.057031 0.481250 0.110937 0.191667
1 0.221094 0.088542 0.151562 0.168750
1 0.355469 0.669792 0.160938 0.206250
1 0.161719 0.082292 0.167187 0.160417
1 0.114844 0.966667 0.120313 0.066667
1 0.567187 0.785417 0.165625 0.208333
1 0.372656 0.243750 0.157812 0.233333
1 0.297656 0.101042 0.104688 0.197917
