1 0.249565 0.097391 0.196522 0.191304
1 0.071304 0.620000 0.139130 0.255652
1 0.912174 0.250435 0.172174 0.208696
1 0.580870 0.906087 0.219130 0.187826
1 0.923478 0.503478 0.153043 0.231304
1 0.198261 0.720000 0.166957 0.246957
1 0.098261 0.222609 0.193043 0.212174
1 0.486087 0.146957 0.182609 0.200000
1 0.729565 0.126087 0.234783 0.231304
1 0.371304 0.827826 0.210435 0.215652
1 0.669565 0.054783 0.226087 0.106087
1 0.831304 0.963478 0.257391 0.073043
1 0.083478 0.960870 0.163478 0.078261
1 0.957391 0.034783 0.085217 0.066087
1 0.739130 0.773043 0.243478 0.241739
1 0.393913 0.967826 0.210435 0.064348
1 0.083478 0.038261 0.163478 0.073043
1 0.259130 0.931304 0.215652 0.137391
0 0.482609 0.486957 0.450435 0.521739
1 0.760000 0.375652 0.205217 0.222609
1 0.720000 0.648696 0.194783 0.156522
