1 0.075000 0.152893 0.144444 0.195592
1 0.323611 0.239669 0.213889 0.192837
1 0.937500 0.073003 0.125000 0.140496
1 0.491667 0.106061 0.288889 0.206612
1 0.890278 0.877410 0.219444 0.223140
1 0.101389 0.493113 0.197222 0.247934
1 0.043056 0.914601 0.080556 0.170799
1 0.276389 0.951791 0.202778 0.096419
1 0.595833 0.943526 0.236111 0.112948
1 0.119444 0.771350 0.211111 0.203857
1 0.718056 0.039945 0.202778 0.074380
1 0.627778 0.789256 0.222222 0.184573
1 0.683333 0.194215 0.238889 0.195592
1 0.226389 0.606061 0.236111 0.198347
1 0.777778 0.351240 0.261111 0.190083
1 0.977778 0.687328 0.044444 0.184573
1 0.102778 0.023416 0.200000 0.041322
1 0.019444 0.349862 0.033333 0.220386
0 0.505556 0.498623 0.416667 0.435262
1 0.954167 0.980716 0.091667 0.038567
