1 0.860000 0.931304 0.273043 0.133913
1 0.128696 0.123478 0.236522 0.243478
1 0.883478 0.245217 0.233043 0.288696
1 0.045217 0.878261 0.086957 0.243478
1 0.597391 0.931304 0.283478 0.133913
1 0.844348 0.738261 0.248696 0.262609
0 0.460870 0.503478 0.365217 0.380870
1 0.327826 0.044348 0.231304 0.085217
1 0.093043 0.540000 0.182609 0.245217
1 0.375652 0.764348 0.382609 0.262609
1 0.739130 0.603478 0.215652 0.250435
1 0.853043 0.047826 0.283478 0.092174
1 0.686087 0.198261 0.196522 0.323478
1 0.046957 0.401739 0.090435 0.219130
1 0.441739 0.220000 0.271304 0.147826
1 0.565217 0.092174 0.205217 0.180870
