1 0.106250 0.516667 0.165625 0.233333
1 0.883594 0.338542 0.157812 0.206250
1 0.783594 0.097917 0.157812 0.191667
1 0.356250 0.540625 0.184375 0.227083
0 0.399219 0.222917 0.357812 0.441667
1 0.107031 0.070833 0.173437 0.137500
1 0.214062 0.738542 0.200000 0.222917
1 0.950000 0.586458 0.100000 0.197917
1 0.375781 0.933333 0.148438 0.133333
1 0.065625 0.898958 0.128125 0.202083
1 0.046094 0.267708 0.089063 0.239583
1 0.676562 0.782292 0.159375 0.227083
1 0.971875 0.162500 0.056250 0.212500
1 0.221875 0.938542 0.134375 0.122917
1 0.656250 0.343750 0.143750 0.258333
1 0.960938 0.866667 0.078125 0.241667
1 0.639844 0.084375 0.142187 0.164583
1 0.021094 0.644792 0.039062 0.202083
1 0.562500 0.971875 0.134375 0.056250
1 0.659375 0.631250 0.184375 0.229167
1 0.519531 0.789583 0.151562 0.258333
