1 0.286111 0.125344 0.188889 0.217631
1 0.772222 0.103306 0.200000 0.195592
1 0.855556 0.387052 0.200000 0.184573
1 0.223611 0.918733 0.191667 0.162534
1 0.616667 0.190083 0.216667 0.198347
1 0.916667 0.936639 0.166667 0.126722
1 0.958333 0.213499 0.083333 0.195592
1 0.962500 0.683196 0.075000 0.198347
1 0.218056 0.764463 0.202778 0.217631
1 0.461111 0.055096 0.238889 0.104683
1 0.108333 0.265840 0.211111 0.245179
1 0.958333 0.061983 0.083333 0.118457
1 0.029167 0.859504 0.052778 0.214876
1 0.740278 0.703857 0.202778 0.217631
1 0.695833 0.961433 0.269444 0.077135
2 0.175000 0.500000 0.083333 0.085399
1 0.459722 0.910468 0.225000 0.179063
1 0.109722 0.634986 0.213889 0.223140
1 0.841667 0.692837 0.138889 0.201102
1 0.430556 0.947658 0.222222 0.104683
0 0.500000 0.502755 0.416667 0.410468
