1 0.336111 0.774105 0.200000 0.209366
1 0.811111 0.057851 0.205556 0.110193
1 0.238889 0.893939 0.216667 0.195592
1 0.795833 0.253444 0.219444 0.203857
1 0.105556 0.464187 0.205556 0.217631
1 0.070833 0.809917 0.136111 0.192837
1 0.108333 0.285124 0.211111 0.201102
1 0.143056 0.618457 0.197222 0.212121
1 0.901389 0.900826 0.191667 0.198347
1 0.959722 0.066116 0.080556 0.126722
1 0.531944 0.110193 0.219444 0.214876
1 0.902778 0.665289 0.194444 0.234160
1 0.779167 0.932507 0.208333 0.134986
1 0.811111 0.455923 0.194444 0.206612
1 0.543056 0.973829 0.197222 0.052342
1 0.980556 0.282369 0.038889 0.201102
1 0.055556 0.973829 0.105556 0.052342
1 0.347222 0.955923 0.216667 0.088154
1 0.027778 0.066116 0.050000 0.126722
0 0.504167 0.535813 0.597222 0.526171
