1 0.095833 0.101928 0.186111 0.198347
1 0.055556 0.472452 0.105556 0.245179
1 0.065278 0.939394 0.125000 0.121212
1 0.904167 0.579890 0.191667 0.228650
1 0.130556 0.820937 0.250000 0.247934
1 0.440278 0.876033 0.236111 0.247934
1 0.329167 0.071625 0.247222 0.137741
1 0.177778 0.585399 0.211111 0.261708
1 0.936111 0.801653 0.127778 0.242424
1 0.768056 0.391185 0.236111 0.280992
1 0.808333 0.126722 0.244444 0.247934
1 0.769444 0.728650 0.266667 0.272727
1 0.040278 0.657025 0.075000 0.245179
1 0.359722 0.263085 0.297222 0.250689
1 0.943056 0.358127 0.113889 0.214876
1 0.962500 0.172176 0.075000 0.228650
0 0.484722 0.557851 0.380556 0.360882
