1 0.922609 0.633913 0.154783 0.276522
1 0.938261 0.313043 0.123478 0.285217
1 0.639130 0.086957 0.255652 0.170435
1 0.795652 0.933043 0.280000 0.130435
1 0.141739 0.784348 0.280000 0.236522
1 0.503478 0.944348 0.259130 0.111304
1 0.137391 0.564348 0.271304 0.259130
1 0.055652 0.093043 0.107826 0.182609
1 0.726087 0.822609 0.380870 0.246957
1 0.872174 0.042609 0.255652 0.081739
1 0.347826 0.108696 0.285217 0.213913
1 0.960000 0.893043 0.080000 0.213913
1 0.113913 0.287826 0.224348 0.203478
0 0.471304 0.393913 0.587826 0.537391
1 0.053043 0.927826 0.102609 0.144348
1 0.664348 0.696522 0.309565 0.189565
1 0.822609 0.255652 0.233043 0.330435
