1 0.133413 0.207933 0.213942 0.233173
0 0.627404 0.493990 0.403846 0.430288
1 0.310096 0.092548 0.187500 0.180288
1 0.152644 0.453125 0.189904 0.218750
1 0.314904 0.709135 0.197115 0.230769
1 0.776442 0.769231 0.192308 0.216346
1 0.423077 0.949519 0.182692 0.100962
1 0.927885 0.216346 0.144231 0.201923
1 0.554087 0.855769 0.209135 0.225962
1 0.905048 0.455529 0.189904 0.290865
1 0.677885 0.078125 0.221154 0.151442
1 0.959135 0.722356 0.081731 0.228365
1 0.745192 0.933894 0.177885 0.132212
1 0.087740 0.057692 0.170673 0.110577
1 0.415865 0.318510 0.192308 0.300481
1 0.046875 0.580529 0.088942 0.237981
2 0.802885 0.157452 0.081731 0.088942
1 0.927885 0.974760 0.144231 0.050481
1 0.019231 0.899038 0.033654 0.201923
1 0.167067 0.837740 0.122596 0.242788
1 0.258413 0.811298 0.117788 0.161058
