1 0.660870 0.839130 0.212174 0.300870
1 0.934783 0.636522 0.130435 0.219130
1 0.890435 0.380000 0.219130 0.311304
1 0.048696 0.825217 0.093913 0.349565
1 0.113043 0.480000 0.222609 0.226087
1 0.850435 0.861739 0.229565 0.276522
1 0.673913 0.096522 0.360000 0.189565
1 0.098261 0.113913 0.193043 0.224348
1 0.393913 0.793043 0.273043 0.208696
1 0.326957 0.922609 0.306087 0.151304
1 0.494783 0.036522 0.252174 0.069565
0 0.482609 0.504348 0.520000 0.480000
1 0.281739 0.090435 0.173913 0.177391
1 0.894783 0.107826 0.200000 0.212174
