1 0.104167 0.488981 0.202778 0.206612
1 0.704167 0.705234 0.186111 0.220386
1 0.493056 0.108815 0.202778 0.190083
1 0.830556 0.056474 0.227778 0.107438
1 0.331944 0.286501 0.208333 0.214876
1 0.693056 0.235537 0.230556 0.234160
1 0.195833 0.114325 0.236111 0.223140
1 0.936111 0.787879 0.127778 0.209366
1 0.256944 0.593664 0.208333 0.261708
1 0.044444 0.322314 0.083333 0.187328
1 0.518056 0.833333 0.236111 0.206612
1 0.168056 0.819559 0.225000 0.223140
1 0.687500 0.954545 0.219444 0.090909
1 0.976389 0.123967 0.047222 0.225895
1 0.956944 0.964187 0.086111 0.071625
1 0.019444 0.859504 0.033333 0.214876
0 0.501389 0.502755 0.330556 0.371901
