0 0.502344 0.338542 0.401562 0.502083
1 0.061719 0.684375 0.120313 0.210417
1 0.235156 0.564583 0.167187 0.233333
1 0.071094 0.102083 0.139063 0.191667
1 0.889062 0.498958 0.171875 0.218750
1 0.196875 0.913542 0.178125 0.172917
1 0.385937 0.842708 0.196875 0.197917
1 0.633594 0.915625 0.151562 0.168750
1 0.939844 0.931250 0.120313 0.137500
1 0.967969 0.645833 0.064062 0.200000
1 0.558594 0.756250 0.189062 0.250000
1 0.397656 0.615625 0.195312 0.227083
1 0.488281 0.965625 0.157812 0.068750
1 0.713281 0.514583 0.170313 0.200000
1 0.214844 0.423958 0.135937 0.172917
1 0.618750 0.026042 0.181250 0.047917
1 0.297656 0.135417 0.182812 0.266667
1 0.944531 0.286458 0.110937 0.231250
1 0.053906 0.929167 0.104688 0.141667
1 0.797656 0.908333 0.185938 0.183333
1 0.421094 0.020833 0.160938 0.037500
1 0.081250 0.436458 0.159375 0.260417
1 0.777344 0.267708 0.176563 0.235417
