1 0.085217 0.122609 0.166957 0.241739
1 0.472174 0.887826 0.259130 0.224348
1 0.888696 0.313043 0.222609 0.260870
1 0.913913 0.579130 0.172174 0.274783
1 0.276522 0.066957 0.219130 0.130435
1 0.767826 0.122609 0.266087 0.241739
1 0.913913 0.877391 0.172174 0.245217
1 0.154783 0.951304 0.306087 0.097391
1 0.964348 0.100000 0.071304 0.196522
1 0.127826 0.306087 0.224348 0.264348
1 0.342609 0.267826 0.257391 0.271304
1 0.539130 0.070435 0.246957 0.137391
1 0.175652 0.793043 0.243478 0.229565
0 0.519130 0.493043 0.401739 0.384348
0 0.388696 0.727826 0.074783 0.074783
