0 0.584375 0.520833 0.331250 0.420833
1 0.328906 0.857292 0.154688 0.193750
1 0.247656 0.330208 0.157812 0.218750
1 0.791406 0.711458 0.154688 0.214583
1 0.651563 0.816667 0.187500 0.216667
1 0.910937 0.788542 0.143750 0.206250
1 0.295312 0.075000 0.162500 0.145833
1 0.903906 0.550000 0.173437 0.212500
1 0.787500 0.910417 0.175000 0.179167
1 0.710938 0.117708 0.165625 0.218750
1 0.940625 0.956250 0.118750 0.087500
1 0.481250 0.927083 0.168750 0.145833
1 0.238281 0.573958 0.164062 0.243750
1 0.086719 0.482292 0.167187 0.227083
1 0.417187 0.192708 0.193750 0.222917
1 0.374219 0.495833 0.142187 0.212500
1 0.798438 0.165625 0.140625 0.197917
1 0.184375 0.805208 0.156250 0.235417
1 0.019531 0.150000 0.035937 0.195833
2 0.310156 0.641667 0.064062 0.083333
1 0.983594 0.429167 0.032813 0.208333
1 0.055469 0.904167 0.107813 0.191667
1 0.110156 0.163542 0.182812 0.297917
1 0.030469 0.459375 0.057813 0.185417
1 0.935156 0.118750 0.129688 0.233333
1 0.430469 0.032292 0.148438 0.060417
