1 0.091304 0.918261 0.179130 0.163478
1 0.066087 0.578261 0.128696 0.231304
1 0.037391 0.301739 0.071304 0.238261
1 0.965217 0.820870 0.069565 0.243478
1 0.377391 0.926957 0.243478 0.146087
1 0.853913 0.286087 0.246957 0.255652
1 0.276522 0.152174 0.219130 0.234783
1 0.809565 0.776522 0.200000 0.234783
1 0.380870 0.719130 0.246957 0.245217
1 0.773043 0.526957 0.220870 0.240000
1 0.167826 0.500000 0.213913 0.217391
1 0.966087 0.070435 0.067826 0.137391
1 0.242609 0.398261 0.227826 0.222609
1 0.419130 0.029565 0.240000 0.055652
1 0.127826 0.833913 0.206957 0.210435
1 0.603478 0.691304 0.212174 0.193043
0 0.505217 0.491304 0.332174 0.318261
