1 0.074219 0.644792 0.145313 0.247917
1 0.249219 0.748958 0.173437 0.247917
1 0.649219 0.106250 0.170313 0.208333
1 0.780469 0.300000 0.189062 0.258333
1 0.610938 0.377083 0.168750 0.212500
1 0.432031 0.304167 0.173437 0.245833
0 0.542969 0.739583 0.364063 0.508333
1 0.057813 0.225000 0.112500 0.229167
1 0.928125 0.794792 0.143750 0.202083
1 0.346875 0.505208 0.190625 0.206250
1 0.286719 0.954167 0.170313 0.091667
1 0.353125 0.050000 0.168750 0.095833
1 0.946094 0.137500 0.107813 0.270833
1 0.799219 0.713542 0.173437 0.227083
1 0.054688 0.454167 0.106250 0.200000
1 0.061719 0.881250 0.120313 0.191667
1 0.117188 0.036458 0.165625 0.068750
1 0.932813 0.964583 0.134375 0.070833
1 0.124219 0.981250 0.179688 0.037500
1 0.886719 0.080208 0.082812 0.156250
