1 0.148611 0.265840 0.202778 0.212121
1 0.083333 0.079890 0.161111 0.154270
1 0.755556 0.278237 0.177778 0.198347
1 0.441667 0.920110 0.211111 0.159780
1 0.888889 0.115702 0.222222 0.225895
1 0.169444 0.833333 0.200000 0.217631
1 0.938889 0.914601 0.122222 0.165289
1 0.666667 0.944904 0.216667 0.110193
1 0.126389 0.584022 0.219444 0.209366
1 0.852778 0.738292 0.233333 0.231405
1 0.372222 0.146006 0.216667 0.214876
1 0.570833 0.803030 0.247222 0.212121
1 0.025000 0.252066 0.044444 0.206612
1 0.072222 0.979339 0.138889 0.041322
1 0.248611 0.017906 0.236111 0.030303
1 0.790278 0.019284 0.230556 0.033058
1 0.980556 0.691460 0.038889 0.203857
0 0.500000 0.504132 0.561111 0.490358
