0 0.759375 0.204167 0.415625 0.404167
1 0.664844 0.686458 0.164062 0.235417
1 0.311719 0.073958 0.157812 0.143750
1 0.540625 0.441667 0.178125 0.241667
1 0.085156 0.822917 0.167187 0.233333
1 0.304688 0.737500 0.165625 0.179167
1 0.474219 0.953125 0.176563 0.093750
1 0.142969 0.322917 0.160938 0.195833
2 0.566406 0.592708 0.060937 0.077083
1 0.400000 0.675000 0.184375 0.262500
1 0.067969 0.532292 0.132812 0.189583
1 0.645312 0.963542 0.159375 0.072917
1 0.770312 0.862500 0.150000 0.191667
1 0.269531 0.908333 0.198437 0.179167
1 0.048438 0.732292 0.093750 0.210417
1 0.532031 0.083333 0.160938 0.162500
1 0.976562 0.570833 0.046875 0.254167
1 0.935937 0.355208 0.128125 0.181250
1 0.964844 0.261458 0.070312 0.243750
1 0.225781 0.231250 0.170313 0.225000
1 0.807031 0.981250 0.176563 0.037500
1 0.090625 0.071875 0.168750 0.139583
1 0.196094 0.578125 0.151562 0.181250
1 0.923438 0.808333 0.153125 0.216667
1 0.853125 0.759375 0.146875 0.202083
1 0.953125 0.033333 0.093750 0.062500
1 0.226562 0.494792 0.134375 0.143750
1 0.750000 0.463542 0.137500 0.139583
1 0.848437 0.542708 0.168750 0.189583
1 0.591406 0.305208 0.110937 0.152083
