0 0.373437 0.526042 0.328125 0.456250
1 0.923438 0.259375 0.153125 0.218750
1 0.744531 0.231250 0.185938 0.250000
1 0.373437 0.832292 0.153125 0.181250
1 0.209375 0.245833 0.171875 0.179167
1 0.525781 0.954167 0.167187 0.091667
1 0.513281 0.202083 0.167187 0.212500
1 0.385156 0.069792 0.157812 0.135417
1 0.724219 0.497917 0.210938 0.195833
1 0.713281 0.818750 0.176563 0.191667
1 0.083594 0.376042 0.164062 0.227083
2 0.077344 0.639583 0.060937 0.083333
1 0.069531 0.859375 0.135937 0.202083
1 0.382031 0.213542 0.201563 0.197917
1 0.830469 0.040625 0.195312 0.077083
1 0.603906 0.731250 0.151562 0.208333
1 0.953125 0.473958 0.093750 0.218750
1 0.759375 0.704167 0.153125 0.200000
1 0.498437 0.810417 0.128125 0.170833
1 0.567187 0.071875 0.168750 0.139583
1 0.048438 0.134375 0.093750 0.210417
1 0.840625 0.944792 0.206250 0.110417
1 0.043750 0.738542 0.084375 0.206250
1 0.082031 0.983333 0.160938 0.033333
1 0.150000 0.586458 0.121875 0.193750
1 0.159375 0.433333 0.115625 0.158333
