1 0.091304 0.297391 0.179130 0.264348
1 0.407826 0.168696 0.206957 0.208696
1 0.904348 0.886957 0.191304 0.222609
1 0.940000 0.593913 0.120000 0.245217
1 0.145217 0.691304 0.252174 0.255652
1 0.246957 0.914783 0.236522 0.170435
1 0.810435 0.167826 0.240000 0.227826
1 0.130435 0.084348 0.257391 0.165217
1 0.060000 0.912174 0.116522 0.172174
1 0.486087 0.881739 0.227826 0.236522
1 0.754783 0.792174 0.226087 0.252174
1 0.828696 0.353043 0.238261 0.250435
1 0.389565 0.033043 0.257391 0.062609
0 0.484348 0.520000 0.492174 0.500870
