1 0.337500 0.104683 0.202778 0.203857
1 0.919444 0.234160 0.161111 0.198347
1 0.120833 0.724518 0.225000 0.198347
1 0.106944 0.123967 0.208333 0.214876
1 0.927778 0.805785 0.144444 0.212121
1 0.951389 0.490358 0.097222 0.220386
1 0.193056 0.337466 0.219444 0.223140
1 0.345833 0.812672 0.213889 0.225895
1 0.747222 0.362259 0.222222 0.201102
1 0.048611 0.460055 0.091667 0.220386
1 0.822222 0.588154 0.222222 0.212121
1 0.869444 0.067493 0.188889 0.129477
1 0.262500 0.577135 0.197222 0.245179
1 0.733333 0.774105 0.216667 0.209366
1 0.393056 0.972452 0.236111 0.055096
0 0.502778 0.493113 0.266667 0.297521
1 0.540278 0.749311 0.208333 0.214876
