0 0.281250 0.627404 0.274038 0.206731
1 0.151442 0.306490 0.197115 0.185096
1 0.103365 0.109375 0.201923 0.161058
0 0.681490 0.942308 0.271635 0.115385
1 0.915865 0.307692 0.168269 0.163462
1 0.052885 0.865385 0.100962 0.168269
1 0.685096 0.194712 0.182692 0.182692
1 0.485577 0.330529 0.230769 0.228365
1 0.812500 0.689904 0.211538 0.173077
2 0.562500 0.222356 0.062500 0.055288
1 0.902644 0.920673 0.189904 0.153846
1 0.048077 0.522837 0.091346 0.165865
1 0.686298 0.653846 0.204327 0.201923
1 0.054087 0.431490 0.103365 0.180288
1 0.557692 0.733173 0.221154 0.153846
1 0.844952 0.082933 0.223558 0.161058
1 0.039663 0.722356 0.074519 0.180288
1 0.721154 0.408654 0.206731 0.163462
1 0.247596 0.147837 0.192308 0.165865
1 0.406250 0.920673 0.240385 0.158654
1 0.287260 0.445913 0.213942 0.146635
1 0.852163 0.515625 0.237981 0.170673
1 0.978365 0.605769 0.043269 0.182692
1 0.364183 0.141827 0.141827 0.139423
1 0.478365 0.118990 0.153846 0.161058
1 0.620192 0.078125 0.221154 0.151442
1 0.456731 0.506010 0.173077 0.170673
1 0.953125 0.763221 0.093750 0.161058
