1 0.086087 0.624348 0.168696 0.264348
1 0.088696 0.358261 0.173913 0.267826
1 0.059130 0.110435 0.114783 0.217391
1 0.175652 0.927826 0.229565 0.144348
1 0.766957 0.182609 0.219130 0.219130
1 0.340000 0.222609 0.213913 0.267826
1 0.558261 0.245217 0.212174 0.233043
1 0.892174 0.378261 0.215652 0.227826
1 0.210435 0.078261 0.205217 0.153043
1 0.780000 0.853913 0.227826 0.236522
1 0.041739 0.866087 0.080000 0.205217
1 0.947826 0.054783 0.104348 0.106087
1 0.736522 0.536522 0.234783 0.259130
1 0.715652 0.037391 0.259130 0.071304
0 0.490435 0.513043 0.306087 0.351304
1 0.942609 0.243478 0.114783 0.260870
1 0.440870 0.044348 0.252174 0.085217
1 0.527826 0.860000 0.245217 0.227826
1 0.389565 0.903478 0.215652 0.189565
1 0.762609 0.628696 0.213913 0.186087
