1 0.287500 0.736915 0.202778 0.212121
1 0.508333 0.958678 0.238889 0.082645
1 0.737500 0.845730 0.202778 0.209366
1 0.061111 0.439394 0.116667 0.234160
1 0.926389 0.842975 0.147222 0.220386
1 0.104167 0.172176 0.202778 0.212121
1 0.933333 0.141873 0.133333 0.234160
1 0.852778 0.644628 0.194444 0.192837
1 0.755556 0.136364 0.200000 0.261708
1 0.272222 0.929752 0.216667 0.140496
1 0.220833 0.337466 0.213889 0.195592
1 0.894444 0.371901 0.211111 0.214876
1 0.555556 0.212121 0.205556 0.209366
1 0.341667 0.170799 0.211111 0.214876
1 0.777778 0.539945 0.194444 0.220386
1 0.511111 0.809917 0.222222 0.203857
1 0.050000 0.045455 0.094444 0.085399
1 0.558333 0.019284 0.216667 0.033058
2 0.136111 0.932507 0.072222 0.068871
0 0.491667 0.502755 0.383333 0.360882
