0 0.735577 0.551683 0.504808 0.454327
1 0.222356 0.949519 0.146635 0.100962
1 0.080529 0.343750 0.156250 0.225962
1 0.394231 0.950721 0.168269 0.098558
1 0.072115 0.146635 0.134615 0.173077
1 0.602163 0.247596 0.189904 0.182692
1 0.847356 0.906250 0.189904 0.187500
1 0.384615 0.169471 0.158654 0.194712
1 0.139423 0.587740 0.129808 0.132212
0 0.753606 0.484375 0.435096 0.425481
1 0.239183 0.362981 0.189904 0.216346
1 0.926683 0.121394 0.146635 0.213942
1 0.362981 0.556490 0.197115 0.218750
1 0.248798 0.758413 0.218750 0.218750
1 0.462740 0.766827 0.185096 0.201923
1 0.069712 0.786058 0.134615 0.206731
1 0.721154 0.205529 0.187500 0.194712
1 0.913462 0.843750 0.173077 0.206731
1 0.669471 0.811298 0.209135 0.209135
1 0.713942 0.090144 0.168269 0.170673
1 0.602163 0.067308 0.194712 0.129808
1 0.598558 0.915865 0.163462 0.168269
