1 0.065278 0.696970 0.125000 0.214876
1 0.929167 0.381543 0.141667 0.239669
1 0.854167 0.530303 0.191667 0.206612
1 0.098611 0.888430 0.191667 0.217631
1 0.170833 0.417355 0.202778 0.267218
1 0.833333 0.899449 0.222222 0.201102
1 0.208333 0.114325 0.216667 0.223140
1 0.875000 0.139118 0.200000 0.190083
1 0.354167 0.932507 0.230556 0.134986
1 0.233333 0.707989 0.200000 0.231405
1 0.423611 0.092287 0.213889 0.179063
1 0.030556 0.415978 0.055556 0.225895
1 0.708333 0.031680 0.238889 0.057851
1 0.625000 0.858127 0.188889 0.184573
1 0.368056 0.198347 0.202778 0.225895
2 0.038889 0.096419 0.072222 0.082645
2 0.954167 0.825069 0.086111 0.090909
1 0.913889 0.067493 0.172222 0.129477
1 0.502778 0.907713 0.205556 0.179063
1 0.663889 0.976584 0.205556 0.046832
2 0.651389 0.604683 0.097222 0.090909
0 0.493056 0.488981 0.536111 0.647383
2 0.270833 0.289256 0.052778 0.082645
