1 0.329167 0.212121 0.202778 0.198347
1 0.837500 0.107438 0.186111 0.209366
1 0.913889 0.385675 0.172222 0.203857
1 0.951389 0.625344 0.097222 0.220386
1 0.569444 0.907713 0.222222 0.184573
1 0.694444 0.286501 0.216667 0.209366
1 0.533333 0.073003 0.211111 0.140496
1 0.822222 0.867769 0.244444 0.247934
1 0.120833 0.112948 0.225000 0.220386
1 0.812500 0.601928 0.197222 0.228650
1 0.948611 0.046832 0.102778 0.088154
1 0.219444 0.710744 0.188889 0.231405
1 0.208333 0.588154 0.183333 0.168044
0 0.500000 0.575758 0.372222 0.369146
