1 0.158261 0.890435 0.194783 0.219130
1 0.081739 0.290435 0.160000 0.222609
1 0.933043 0.329565 0.133913 0.245217
1 0.419130 0.093913 0.229565 0.184348
1 0.178261 0.593043 0.231304 0.246957
1 0.167826 0.102609 0.248696 0.201739
1 0.431304 0.860870 0.215652 0.236522
1 0.787826 0.034783 0.226087 0.066087
1 0.877391 0.934783 0.227826 0.130435
1 0.799130 0.164348 0.200000 0.220870
1 0.871304 0.771304 0.236522 0.220870
1 0.752174 0.686957 0.234783 0.222609
1 0.660870 0.211304 0.250435 0.245217
1 0.040000 0.764348 0.076522 0.224348
0 0.487826 0.491304 0.440000 0.457391
