1 0.930556 0.783747 0.138889 0.206612
1 0.109722 0.734160 0.213889 0.239669
1 0.547222 0.925620 0.238889 0.148760
1 0.072222 0.520661 0.138889 0.269972
1 0.754167 0.882920 0.241667 0.234160
1 0.915278 0.582645 0.169444 0.228650
1 0.880556 0.070248 0.222222 0.134986
1 0.079167 0.960055 0.152778 0.079890
1 0.784722 0.668044 0.230556 0.256198
1 0.333333 0.830579 0.227778 0.250689
1 0.229167 0.581267 0.208333 0.236915
1 0.241667 0.250689 0.250000 0.220386
1 0.286111 0.971074 0.255556 0.057851
1 0.077778 0.027548 0.150000 0.049587
1 0.786111 0.409091 0.277778 0.261708
1 0.661111 0.199725 0.216667 0.223140
1 0.876389 0.201102 0.247222 0.181818
1 0.926389 0.977961 0.147222 0.044077
0 0.487500 0.564738 0.358333 0.369146
