1 0.963478 0.820000 0.073043 0.213913
1 0.608696 0.909565 0.212174 0.180870
1 0.827826 0.912174 0.226087 0.175652
1 0.097391 0.082609 0.191304 0.161739
1 0.776522 0.798261 0.189565 0.215652
1 0.115652 0.588696 0.227826 0.231304
1 0.635652 0.084348 0.234783 0.165217
1 0.900000 0.593043 0.200000 0.205217
1 0.260000 0.787826 0.206957 0.229565
1 0.081739 0.805217 0.160000 0.226087
1 0.085217 0.916522 0.166957 0.163478
1 0.851304 0.184348 0.241739 0.246957
1 0.785217 0.433913 0.210435 0.217391
1 0.073913 0.280000 0.144348 0.240000
1 0.094783 0.365217 0.168696 0.233043
1 0.782609 0.593043 0.194783 0.215652
1 0.424348 0.034783 0.285217 0.066087
1 0.919130 0.169565 0.158261 0.231304
0 0.497391 0.516522 0.396522 0.511304
1 0.314783 0.208696 0.240000 0.264348
1 0.209565 0.359130 0.179130 0.203478
1 0.427826 0.154783 0.250435 0.205217
