0 0.504808 0.866587 0.225962 0.257212
1 0.078125 0.765625 0.151442 0.209135
2 0.174279 0.667067 0.079327 0.084135
1 0.358173 0.688702 0.197115 0.213942
1 0.472356 0.100962 0.209135 0.197115
1 0.181490 0.911058 0.223558 0.173077
2 0.579327 0.719952 0.076923 0.079327
1 0.108173 0.545673 0.197115 0.240385
1 0.508413 0.332933 0.175481 0.199519
1 0.076923 0.088942 0.149038 0.173077
1 0.819712 0.340144 0.177885 0.199519
1 0.745192 0.516827 0.173077 0.192308
1 0.913462 0.407452 0.163462 0.213942
1 0.349760 0.465144 0.199519 0.223558
1 0.662260 0.951923 0.161058 0.096154
1 0.901442 0.135817 0.192308 0.209135
1 0.082933 0.331731 0.161058 0.192308
1 0.914663 0.646635 0.170673 0.278846
1 0.786058 0.020433 0.216346 0.036058
1 0.560096 0.276442 0.192308 0.201923
1 0.325721 0.884615 0.165865 0.225962
1 0.227163 0.137019 0.151442 0.153846
1 0.191106 0.265625 0.122596 0.204327
1 0.237981 0.425481 0.153846 0.192308
1 0.572115 0.612981 0.235577 0.158654
1 0.877404 0.939904 0.163462 0.120192
