1 0.238889 0.760331 0.194444 0.214876
1 0.315278 0.073003 0.219444 0.140496
1 0.590278 0.095041 0.208333 0.184573
1 0.897222 0.095041 0.205556 0.184573
1 0.044444 0.876033 0.083333 0.225895
1 0.355556 0.922865 0.200000 0.148760
1 0.095833 0.560606 0.186111 0.201102
1 0.955556 0.643251 0.088889 0.195592
1 0.102778 0.235537 0.200000 0.234160
1 0.820833 0.428375 0.219444 0.217631
1 0.973611 0.435262 0.052778 0.203857
1 0.783333 0.977961 0.250000 0.044077
1 0.145833 0.483471 0.225000 0.217631
2 0.375000 0.224518 0.105556 0.101928
2 0.459722 0.801653 0.086111 0.082645
0 0.504167 0.520661 0.386111 0.396694
