1 0.318056 0.742424 0.236111 0.201102
1 0.109722 0.351240 0.213889 0.206612
1 0.072222 0.592287 0.138889 0.209366
1 0.706944 0.965565 0.241667 0.068871
1 0.297222 0.433884 0.211111 0.201102
1 0.136111 0.110193 0.155556 0.214876
1 0.872222 0.231405 0.233333 0.253444
1 0.656944 0.187328 0.208333 0.247934
1 0.868056 0.646006 0.252778 0.195592
1 0.940278 0.819559 0.119444 0.212121
1 0.869444 0.438017 0.261111 0.203857
1 0.163889 0.597796 0.166667 0.214876
1 0.908333 0.955923 0.161111 0.088154
1 0.394444 0.858127 0.255556 0.223140
1 0.131944 0.932507 0.225000 0.134986
1 0.031944 0.129477 0.058333 0.236915
0 0.506944 0.527548 0.252778 0.272727
1 0.638889 0.347107 0.222222 0.214876
1 0.194444 0.056474 0.183333 0.107438
2 0.911111 0.176309 0.072222 0.077135
