1 0.905556 0.187328 0.188889 0.203857
1 0.123611 0.819559 0.197222 0.217631
1 0.080556 0.264463 0.155556 0.214876
1 0.912500 0.458678 0.175000 0.212121
1 0.269444 0.936639 0.216667 0.126722
1 0.534722 0.191460 0.225000 0.245179
1 0.723611 0.874656 0.219444 0.217631
1 0.186111 0.461433 0.244444 0.234160
1 0.730556 0.382920 0.205556 0.220386
1 0.295833 0.673554 0.202778 0.239669
1 0.836111 0.674931 0.211111 0.225895
1 0.945833 0.621212 0.108333 0.212121
1 0.716667 0.077135 0.200000 0.148760
1 0.500000 0.903581 0.222222 0.192837
1 0.355556 0.037190 0.266667 0.068871
1 0.287500 0.207989 0.241667 0.228650
1 0.605556 0.749311 0.250000 0.220386
1 0.101389 0.026171 0.197222 0.046832
0 0.504167 0.501377 0.286111 0.319559
1 0.637500 0.030303 0.219444 0.055096
