1 0.178261 0.570435 0.231304 0.257391
1 0.750435 0.239130 0.252174 0.314783
1 0.896522 0.949565 0.206957 0.100870
1 0.476522 0.111304 0.299130 0.219130
1 0.189565 0.887826 0.351304 0.220870
1 0.933043 0.334783 0.133913 0.269565
1 0.104348 0.123478 0.205217 0.243478
1 0.071304 0.765217 0.139130 0.326957
1 0.854783 0.726087 0.220870 0.297391
0 0.521739 0.500870 0.448696 0.452174
1 0.086957 0.377391 0.170435 0.267826
1 0.874783 0.543478 0.246957 0.283478
1 0.866087 0.054783 0.253913 0.106087
1 0.239130 0.116522 0.245217 0.229565
1 0.674783 0.052174 0.302609 0.100870
