1 0.919130 0.906087 0.161739 0.180870
1 0.947826 0.412174 0.104348 0.253913
1 0.789565 0.300870 0.208696 0.215652
1 0.873913 0.648696 0.200000 0.212174
1 0.653913 0.086087 0.222609 0.168696
1 0.930435 0.180000 0.139130 0.224348
1 0.275652 0.239130 0.255652 0.241739
1 0.276522 0.924348 0.219130 0.151304
1 0.767826 0.463478 0.245217 0.231304
1 0.072174 0.394783 0.140870 0.243478
1 0.074783 0.665217 0.146087 0.234783
1 0.453043 0.830435 0.210435 0.220870
1 0.667826 0.909565 0.226087 0.177391
1 0.671304 0.780870 0.198261 0.208696
1 0.116522 0.805217 0.229565 0.240000
1 0.256522 0.094783 0.262609 0.186087
0 0.501739 0.513043 0.276522 0.330435
1 0.066957 0.132174 0.130435 0.240000
1 0.966957 0.735652 0.066087 0.233043
1 0.240870 0.504348 0.193043 0.226087
1 0.413913 0.069565 0.222609 0.135652
1 0.877391 0.037391 0.245217 0.071304
1 0.251304 0.619130 0.220870 0.184348
