0 0.811298 0.818510 0.372596 0.358173
1 0.462740 0.573317 0.223558 0.165865
1 0.697115 0.590144 0.187500 0.165865
1 0.933894 0.480769 0.132212 0.182692
1 0.468750 0.080529 0.216346 0.151442
1 0.747596 0.425481 0.206731 0.158654
1 0.335337 0.920673 0.199519 0.149038
1 0.349760 0.246394 0.233173 0.185096
1 0.937500 0.310096 0.125000 0.149038
1 0.823317 0.180288 0.204327 0.153846
1 0.098558 0.789663 0.182692 0.137019
1 0.198317 0.453125 0.252404 0.209135
1 0.060096 0.560096 0.115385 0.144231
1 0.585337 0.260817 0.194712 0.165865
1 0.399038 0.346154 0.216346 0.149038
1 0.542067 0.808894 0.194712 0.117788
1 0.103365 0.201923 0.201923 0.153846
1 0.079327 0.076923 0.153846 0.105769
1 0.237981 0.043269 0.225962 0.081731
1 0.717548 0.032452 0.213942 0.060096
1 0.941106 0.050481 0.117788 0.096154
1 0.705529 0.966346 0.228365 0.067308
1 0.900240 0.978365 0.132212 0.043269
1 0.525240 0.901442 0.204327 0.139423
1 0.305288 0.709135 0.206731 0.129808
1 0.253606 0.606971 0.199519 0.141827
1 0.133413 0.919471 0.194712 0.161058
1 0.706731 0.281250 0.115385 0.120192
