0 0.480769 0.715144 0.456731 0.444712
1 0.919471 0.278846 0.161058 0.225962
1 0.105769 0.117788 0.206731 0.221154
1 0.775240 0.093750 0.180288 0.182692
1 0.764423 0.742788 0.168269 0.211538
1 0.366587 0.153846 0.199519 0.192308
1 0.926683 0.052885 0.146635 0.100962
1 0.368990 0.371394 0.266827 0.237981
2 0.230769 0.036058 0.072115 0.067308
1 0.137019 0.902644 0.259615 0.194712
1 0.606971 0.326923 0.189904 0.240385
1 0.817308 0.906250 0.211538 0.187500
1 0.903846 0.637019 0.192308 0.254808
1 0.164663 0.516827 0.189904 0.230769
1 0.049279 0.698317 0.093750 0.252404
1 0.432692 0.037260 0.182692 0.069712
1 0.771635 0.408654 0.115385 0.235577
1 0.875000 0.510817 0.158654 0.132212
1 0.631010 0.484375 0.165865 0.194712
1 0.204327 0.686298 0.158654 0.189904
1 0.104567 0.322115 0.204327 0.149038
1 0.034856 0.448317 0.064904 0.175481
