1 0.392188 0.150000 0.156250 0.204167
1 0.900781 0.810417 0.179688 0.212500
1 0.550000 0.300000 0.165625 0.195833
1 0.935937 0.088542 0.128125 0.172917
1 0.038281 0.108333 0.073438 0.208333
0 0.775000 0.294792 0.218750 0.272917
1 0.182812 0.254167 0.181250 0.254167
1 0.295312 0.944792 0.187500 0.110417
1 0.637500 0.101042 0.175000 0.197917
1 0.371875 0.466667 0.168750 0.212500
1 0.910937 0.668750 0.162500 0.195833
1 0.282031 0.056250 0.157812 0.108333
1 0.050000 0.819792 0.096875 0.243750
1 0.953125 0.461458 0.093750 0.222917
1 0.532031 0.906250 0.129688 0.187500
1 0.057813 0.370833 0.112500 0.183333
1 0.121875 0.948958 0.171875 0.102083
1 0.114844 0.591667 0.142187 0.204167
1 0.561719 0.675000 0.179688 0.225000
1 0.225781 0.476042 0.157812 0.227083
1 0.250781 0.729167 0.201563 0.254167
1 0.475000 0.121875 0.143750 0.193750
1 0.532031 0.403125 0.145313 0.164583
1 0.392188 0.708333 0.162500 0.270833
1 0.607031 0.772917 0.148438 0.137500
