0 0.474219 0.358333 0.298438 0.395833
1 0.639062 0.077083 0.150000 0.150000
1 0.146875 0.445833 0.143750 0.216667
1 0.746094 0.442708 0.170313 0.206250
1 0.259375 0.267708 0.156250 0.197917
1 0.414844 0.081250 0.179688 0.158333
1 0.441406 0.684375 0.176563 0.214583
1 0.881250 0.501042 0.146875 0.202083
2 0.100000 0.642708 0.103125 0.135417
1 0.674219 0.693750 0.151562 0.183333
1 0.497656 0.923958 0.167187 0.152083
1 0.053906 0.298958 0.104688 0.214583
1 0.175000 0.946875 0.125000 0.106250
1 0.843750 0.846875 0.140625 0.206250
1 0.655469 0.894792 0.198437 0.206250
1 0.052344 0.945833 0.101562 0.108333
1 0.960156 0.172917 0.079687 0.204167
1 0.303125 0.921875 0.150000 0.156250
1 0.239844 0.080208 0.170313 0.156250
1 0.850000 0.725000 0.162500 0.195833
1 0.844531 0.285417 0.182812 0.212500
1 0.057031 0.113542 0.110937 0.214583
1 0.927344 0.957292 0.139063 0.085417
1 0.947656 0.786458 0.104688 0.218750
1 0.800781 0.047917 0.160938 0.091667
1 0.218750 0.731250 0.206250 0.300000
1 0.669531 0.598958 0.160938 0.160417
