1 0.705556 0.929752 0.250000 0.140496
1 0.436111 0.128099 0.266667 0.250689
1 0.259722 0.271350 0.230556 0.228650
1 0.141667 0.466942 0.244444 0.250689
1 0.191667 0.757576 0.227778 0.225895
1 0.144444 0.095041 0.250000 0.184573
1 0.956944 0.885675 0.086111 0.228650
1 0.895833 0.187328 0.208333 0.275482
1 0.033333 0.163912 0.061111 0.250689
1 0.855556 0.495868 0.244444 0.247934
1 0.734722 0.201102 0.186111 0.242424
1 0.345833 0.921488 0.297222 0.157025
1 0.036111 0.805785 0.066667 0.283747
1 0.747222 0.765840 0.244444 0.236915
0 0.465278 0.522039 0.363889 0.388430
1 0.945833 0.483471 0.108333 0.239669
1 0.726389 0.677686 0.219444 0.148760
