1 0.087826 0.681739 0.172174 0.243478
1 0.861739 0.922609 0.234783 0.154783
1 0.804348 0.735652 0.238261 0.250435
1 0.600000 0.874783 0.260870 0.246957
1 0.273043 0.761739 0.205217 0.253913
1 0.206087 0.152174 0.259130 0.290435
1 0.104348 0.452174 0.205217 0.257391
1 0.261739 0.940000 0.252174 0.116522
1 0.346957 0.043478 0.293913 0.083478
1 0.771304 0.166087 0.227826 0.273043
0 0.492174 0.491304 0.497391 0.530435
1 0.046087 0.105217 0.088696 0.206957
1 0.840870 0.373913 0.255652 0.222609
1 0.930435 0.185217 0.139130 0.262609
1 0.527826 0.146087 0.245217 0.187826
1 0.593913 0.081739 0.266087 0.160000
1 0.845217 0.046087 0.222609 0.088696
