1 0.873611 0.337466 0.236111 0.206612
1 0.954167 0.506887 0.091667 0.214876
1 0.425000 0.867769 0.222222 0.214876
1 0.843056 0.765840 0.225000 0.236915
1 0.186111 0.425620 0.233333 0.212121
1 0.381944 0.257576 0.275000 0.245179
1 0.734722 0.228650 0.213889 0.209366
1 0.605556 0.033058 0.244444 0.060606
1 0.587500 0.820937 0.219444 0.220386
1 0.075000 0.966942 0.144444 0.066116
1 0.137500 0.077135 0.236111 0.148760
1 0.268056 0.965565 0.236111 0.068871
1 0.395833 0.090909 0.202778 0.176309
1 0.138889 0.652893 0.211111 0.225895
1 0.061111 0.673554 0.116667 0.190083
0 0.500000 0.539945 0.344444 0.358127
