1 0.915278 0.123967 0.169444 0.242424
1 0.052778 0.535813 0.100000 0.228650
1 0.093056 0.873278 0.180556 0.247934
1 0.933333 0.869146 0.133333 0.256198
1 0.825000 0.564738 0.222222 0.231405
1 0.051389 0.283747 0.097222 0.214876
1 0.176389 0.451791 0.225000 0.242424
1 0.452778 0.944904 0.222222 0.110193
1 0.273611 0.305785 0.213889 0.220386
1 0.725000 0.816804 0.238889 0.245179
1 0.931944 0.392562 0.136111 0.250689
1 0.597222 0.812672 0.183333 0.209366
2 0.812500 0.387052 0.102778 0.118457
1 0.759722 0.976584 0.230556 0.046832
1 0.341667 0.771350 0.305556 0.258953
0 0.506944 0.516529 0.397222 0.415978
