1 0.917391 0.628696 0.165217 0.255652
1 0.642609 0.092174 0.266087 0.180870
1 0.735652 0.678261 0.208696 0.257391
1 0.096522 0.940870 0.189565 0.118261
1 0.956522 0.293043 0.086957 0.276522
1 0.185217 0.422609 0.231304 0.278261
0 0.471304 0.494783 0.406957 0.363478
1 0.768696 0.273043 0.236522 0.226087
1 0.110435 0.731304 0.217391 0.206957
1 0.594783 0.970435 0.274783 0.059130
1 0.297391 0.859130 0.246957 0.236522
1 0.255652 0.068696 0.271304 0.133913
1 0.413043 0.740000 0.231304 0.238261
1 0.257391 0.182609 0.274783 0.208696
1 0.058261 0.460000 0.113043 0.217391
