1 0.756685 0.805889 0.172931 0.190624
1 0.922408 0.855795 0.155183 0.207617
1 0.77532 0.570476 0.170957 0.222685
1 0.0553112 0.423591 0.110622 0.230064
1 0.791713 0.115228 0.158501 0.213028
1 0.277907 0.136976 0.134626 0.188437
1 0.347312 0.795804 0.158846 0.253724
0 0.547931 0.865702 0.307649 0.263692
1 0.190162 0.872551 0.179594 0.198606
1 0.653698 0.0594952 0.167355 0.11899
1 0.903479 0.306151 0.184541 0.236989
1 0.963279 0.513024 0.0733117 0.213737
1 0.417182 0.440385 0.180872 0.197658
1 0.744246 0.357929 0.17342 0.211947
1 0.563766 0.196998 0.151406 0.200178
1 0.185319 0.732936 0.16671 0.19698
1 0.126539 0.190097 0.161529 0.262142
1 0.181088 0.421253 0.15715 0.20186
1 0.440873 0.633856 0.159904 0.224674
1 0.0309092 0.751794 0.059723 0.178891
1 0.0299875 0.0840641 0.0584122 0.164534
1 0.305823 0.960601 0.173327 0.0771999
1 0.958114 0.0659224 0.0837715 0.131845
1 0.643179 0.412778 0.157934 0.217691
1 0.343798 0.0804525 0.151216 0.160905
1 0.401305 0.255637 0.184952 0.200536
1 0.193383 0.522184 0.174604 0.201121
1 0.856406 0.983822 0.150637 0.0323552
1 0.532935 0.644313 0.15307 0.198662
1 0.0160213 0.596606 0.0292926 0.155262
