1 0.414663 0.813702 0.170673 0.180288
0 0.557692 0.158654 0.307692 0.312500
1 0.649038 0.861779 0.187500 0.209135
1 0.132212 0.066106 0.163462 0.127404
1 0.131010 0.268029 0.194712 0.199519
2 0.235577 0.831731 0.072115 0.072115
1 0.508413 0.944712 0.170673 0.110577
1 0.328125 0.039663 0.170673 0.074519
1 0.448317 0.518029 0.180288 0.175481
1 0.234375 0.461538 0.180288 0.216346
1 0.543269 0.675481 0.182692 0.216346
1 0.125000 0.649038 0.182692 0.177885
1 0.551683 0.407452 0.180288 0.185096
1 0.365385 0.270433 0.216346 0.247596
1 0.256010 0.683894 0.185096 0.237981
1 0.039663 0.104567 0.074519 0.199519
1 0.872596 0.205529 0.221154 0.237981
1 0.730769 0.948317 0.153846 0.103365
1 0.704327 0.436298 0.177885 0.218750
1 0.450721 0.615385 0.165865 0.153846
1 0.030048 0.407452 0.055288 0.204327
1 0.914663 0.429087 0.170673 0.223558
1 0.888221 0.971154 0.141827 0.057692
1 0.131010 0.478365 0.170673 0.201923
1 0.858173 0.741587 0.173077 0.218750
1 0.848558 0.543269 0.201923 0.211538
1 0.805288 0.087740 0.153846 0.156250
2 0.734375 0.014423 0.045673 0.024038
1 0.105769 0.875000 0.187500 0.250000
