0 0.630469 0.830208 0.279687 0.335417
1 0.104688 0.828125 0.184375 0.231250
1 0.853125 0.943750 0.190625 0.112500
1 0.934375 0.225000 0.131250 0.233333
1 0.463281 0.944792 0.176563 0.110417
1 0.512500 0.301042 0.168750 0.214583
1 0.651563 0.104167 0.171875 0.204167
1 0.468750 0.079167 0.165625 0.154167
1 0.264062 0.700000 0.171875 0.266667
1 0.139063 0.491667 0.200000 0.237500
1 0.089844 0.063542 0.170313 0.122917
1 0.356250 0.447917 0.178125 0.250000
1 0.030469 0.173958 0.057813 0.210417
1 0.881250 0.436458 0.187500 0.206250
1 0.695312 0.506250 0.171875 0.262500
1 0.124219 0.301042 0.182812 0.222917
2 0.156250 0.143750 0.059375 0.075000
1 0.273438 0.950000 0.156250 0.100000
2 0.481250 0.730208 0.056250 0.077083
1 0.714063 0.333333 0.206250 0.208333
1 0.814063 0.580208 0.178125 0.231250
1 0.269531 0.861458 0.157812 0.164583
1 0.269531 0.109375 0.164062 0.214583
1 0.042188 0.632292 0.081250 0.252083
1 0.866406 0.123958 0.182812 0.243750
1 0.310937 0.176042 0.162500 0.177083
