1 0.096154 0.318510 0.187500 0.218750
0 0.500000 0.183894 0.365385 0.362981
1 0.920673 0.266827 0.158654 0.197115
1 0.695913 0.828125 0.194712 0.175481
1 0.485577 0.830529 0.187500 0.194712
1 0.784856 0.099760 0.141827 0.185096
1 0.197115 0.758413 0.149038 0.209135
1 0.117788 0.103365 0.197115 0.197115
1 0.264423 0.263221 0.173077 0.213942
1 0.537260 0.665865 0.199519 0.225962
1 0.305288 0.615385 0.182692 0.206731
1 0.864183 0.432692 0.151442 0.177885
1 0.949519 0.509615 0.100962 0.211538
1 0.250000 0.063702 0.168269 0.122596
1 0.037260 0.868990 0.069712 0.199519
1 0.889423 0.899038 0.177885 0.182692
1 0.310096 0.514423 0.163462 0.173077
1 0.868990 0.814904 0.137019 0.173077
1 0.846154 0.984375 0.163462 0.031250
1 0.135817 0.655048 0.165865 0.161058
1 0.733173 0.268029 0.149038 0.189904
1 0.159856 0.930288 0.209135 0.134615
1 0.527644 0.944712 0.194712 0.110577
1 0.930288 0.084135 0.139423 0.163462
