0 0.621394 0.656250 0.199519 0.278846
1 0.426683 0.783654 0.185096 0.216346
1 0.235577 0.728365 0.201923 0.211538
1 0.288462 0.925481 0.187500 0.149038
1 0.449519 0.477163 0.197115 0.209135
1 0.651442 0.911058 0.173077 0.173077
1 0.781250 0.544471 0.158654 0.213942
1 0.078125 0.110577 0.151442 0.201923
1 0.518029 0.223558 0.141827 0.201923
1 0.389423 0.288462 0.177885 0.187500
1 0.960337 0.338942 0.079327 0.206731
1 0.774038 0.757212 0.168269 0.230769
1 0.078125 0.350962 0.151442 0.225962
1 0.741587 0.390625 0.165865 0.156250
1 0.198317 0.519231 0.175481 0.187500
1 0.920673 0.042067 0.158654 0.079327
1 0.252404 0.438702 0.182692 0.209135
1 0.903846 0.698317 0.134615 0.204327
1 0.062500 0.955529 0.120192 0.088942
2 0.977163 0.108173 0.045673 0.100962
1 0.682692 0.247596 0.158654 0.201923
1 0.799279 0.950721 0.151442 0.098558
1 0.944712 0.554087 0.110577 0.189904
1 0.445913 0.076923 0.194712 0.149038
1 0.272837 0.161058 0.180288 0.144231
1 0.268029 0.060096 0.165865 0.110577
1 0.927885 0.953125 0.144231 0.093750
