1 0.564844 0.817708 0.176563 0.227083
1 0.146875 0.530208 0.175000 0.239583
0 0.440625 0.119792 0.303125 0.235417
1 0.664062 0.373958 0.150000 0.177083
1 0.127344 0.245833 0.160938 0.208333
1 0.915625 0.223958 0.168750 0.210417
1 0.350000 0.703125 0.175000 0.172917
1 0.153125 0.902083 0.178125 0.195833
1 0.246875 0.192708 0.153125 0.193750
1 0.407031 0.896875 0.189062 0.206250
1 0.310937 0.461458 0.140625 0.185417
1 0.478125 0.539583 0.193750 0.220833
1 0.921094 0.102083 0.157812 0.187500
1 0.753906 0.393750 0.132812 0.204167
1 0.292969 0.968750 0.139063 0.062500
1 0.963281 0.909375 0.073438 0.172917
1 0.222656 0.031250 0.120313 0.058333
1 0.911719 0.476042 0.176563 0.239583
1 0.087500 0.029167 0.143750 0.054167
1 0.033594 0.591667 0.064062 0.233333
1 0.315625 0.851042 0.146875 0.189583
1 0.732031 0.661458 0.167187 0.214583
1 0.825781 0.922917 0.182812 0.154167
1 0.015625 0.825000 0.028125 0.170833
1 0.392188 0.318750 0.146875 0.170833
1 0.799219 0.692708 0.120313 0.189583
1 0.052344 0.983333 0.101562 0.033333
1 0.671875 0.136458 0.190625 0.268750
1 0.906250 0.738542 0.168750 0.202083
