0 0.575781 0.192708 0.414062 0.368750
1 0.900000 0.360417 0.171875 0.191667
1 0.545312 0.710417 0.165625 0.220833
1 0.822656 0.098958 0.148438 0.185417
1 0.135937 0.226042 0.143750 0.247917
1 0.403125 0.679167 0.153125 0.183333
1 0.741406 0.820833 0.173437 0.212500
1 0.814063 0.594792 0.184375 0.189583
1 0.430469 0.951042 0.167187 0.097917
1 0.035156 0.089583 0.067187 0.175000
1 0.325000 0.870833 0.168750 0.212500
1 0.304688 0.171875 0.187500 0.231250
1 0.214062 0.480208 0.153125 0.177083
1 0.051562 0.505208 0.100000 0.222917
1 0.328906 0.452083 0.173437 0.195833
1 0.903125 0.957292 0.143750 0.085417
1 0.288281 0.670833 0.151562 0.183333
1 0.185938 0.953125 0.143750 0.093750
1 0.928125 0.787500 0.143750 0.195833
1 0.875781 0.738542 0.148438 0.164583
1 0.172656 0.736458 0.195312 0.202083
1 0.221875 0.029167 0.146875 0.054167
1 0.472656 0.471875 0.135937 0.181250
1 0.735938 0.378125 0.178125 0.193750
1 0.562500 0.446875 0.106250 0.152083
1 0.085938 0.387500 0.134375 0.166667
