0 0.316106 0.795673 0.415865 0.408654
1 0.796875 0.608173 0.194712 0.211538
1 0.459135 0.248798 0.187500 0.185096
1 0.330529 0.074519 0.185096 0.144231
1 0.592548 0.403846 0.170673 0.221154
1 0.643029 0.905048 0.199519 0.189904
1 0.733173 0.378606 0.163462 0.213942
1 0.346154 0.383413 0.182692 0.185096
1 0.438702 0.545673 0.170673 0.168269
1 0.229567 0.225962 0.175481 0.206731
1 0.818510 0.132212 0.189904 0.216346
1 0.567308 0.051683 0.153846 0.098558
1 0.037260 0.905048 0.069712 0.189904
1 0.088942 0.710337 0.144231 0.242788
1 0.611779 0.668269 0.189904 0.264423
1 0.189904 0.340144 0.163462 0.180288
2 0.862981 0.250000 0.072115 0.072115
1 0.740385 0.049279 0.173077 0.093750
2 0.820913 0.286058 0.069712 0.072115
1 0.051683 0.030048 0.098558 0.055288
1 0.792067 0.962740 0.185096 0.074519
1 0.222356 0.463942 0.108173 0.201923
