1 0.955556 0.398072 0.088889 0.223140
1 0.655556 0.100551 0.233333 0.195592
1 0.030556 0.768595 0.055556 0.214876
1 0.886111 0.676309 0.227778 0.250689
1 0.234722 0.041322 0.258333 0.077135
1 0.420833 0.099174 0.213889 0.192837
1 0.077778 0.432507 0.150000 0.269972
1 0.179167 0.731405 0.219444 0.234160
1 0.401389 0.860882 0.236111 0.157025
1 0.645833 0.779614 0.236111 0.242424
1 0.213889 0.213499 0.233333 0.212121
1 0.236111 0.426997 0.200000 0.198347
1 0.759722 0.516529 0.230556 0.223140
1 0.886111 0.961433 0.211111 0.077135
1 0.773611 0.283747 0.197222 0.253444
1 0.594444 0.973829 0.227778 0.052342
2 0.090278 0.604683 0.086111 0.085399
1 0.369444 0.969697 0.233333 0.060606
1 0.973611 0.888430 0.052778 0.217631
1 0.579167 0.396694 0.236111 0.253444
2 0.888889 0.227273 0.111111 0.101928
0 0.438889 0.597796 0.344444 0.363636
