1 0.101739 0.900000 0.200000 0.200000
1 0.783478 0.575652 0.217391 0.257391
1 0.908696 0.360870 0.182609 0.227826
1 0.312174 0.834783 0.224348 0.240000
1 0.375652 0.225217 0.267826 0.248696
1 0.706087 0.285217 0.233043 0.226087
1 0.426957 0.951304 0.252174 0.097391
1 0.871304 0.063478 0.240000 0.123478
0 0.510435 0.510435 0.321739 0.349565
1 0.686087 0.955652 0.273043 0.088696
1 0.958261 0.180870 0.083478 0.215652
1 0.157391 0.536522 0.245217 0.248696
1 0.115652 0.221739 0.224348 0.210435
1 0.911304 0.955652 0.177391 0.088696
1 0.110435 0.060000 0.200000 0.116522
1 0.306957 0.051304 0.231304 0.099130
1 0.535652 0.043478 0.233043 0.083478
