1 0.483333 0.073003 0.222222 0.140496
1 0.226389 0.902204 0.208333 0.190083
1 0.193056 0.399449 0.202778 0.214876
1 0.793056 0.578512 0.186111 0.225895
1 0.034722 0.129477 0.063889 0.192837
1 0.063889 0.874656 0.122222 0.217631
1 0.915278 0.764463 0.169444 0.195592
1 0.940278 0.550964 0.119444 0.220386
1 0.140278 0.644628 0.219444 0.203857
1 0.262500 0.111570 0.213889 0.212121
1 0.837500 0.297521 0.197222 0.225895
1 0.880556 0.085399 0.177778 0.165289
1 0.687500 0.132231 0.213889 0.220386
1 0.091667 0.444904 0.177778 0.201102
1 0.655556 0.884298 0.222222 0.203857
1 0.913889 0.223140 0.172222 0.236915
1 0.602778 0.803030 0.194444 0.201102
1 0.391667 0.819559 0.194444 0.195592
1 0.895833 0.976584 0.202778 0.046832
2 0.793056 0.964187 0.069444 0.071625
1 0.983333 0.921488 0.033333 0.151515
1 0.354167 0.720386 0.219444 0.184573
0 0.500000 0.498623 0.388889 0.396694
