0 0.247596 0.572115 0.490385 0.451923
1 0.332933 0.174279 0.185096 0.165865
1 0.680288 0.706731 0.254808 0.182692
1 0.912260 0.575721 0.175481 0.189904
2 0.500000 0.320913 0.091346 0.084135
2 0.468750 0.050481 0.105769 0.086538
1 0.037260 0.287260 0.069712 0.156250
1 0.426683 0.915865 0.237981 0.163462
1 0.563702 0.164663 0.213942 0.189904
1 0.778846 0.069712 0.250000 0.129808
1 0.145433 0.074519 0.218750 0.144231
2 0.972356 0.069712 0.055288 0.096154
1 0.712740 0.205529 0.242788 0.185096
1 0.978365 0.289663 0.043269 0.194712
