0 0.665625 0.683333 0.315625 0.408333
1 0.557813 0.106250 0.159375 0.200000
1 0.350000 0.426042 0.165625 0.193750
1 0.867969 0.759375 0.151562 0.206250
2 0.905469 0.908333 0.054688 0.075000
1 0.121094 0.560417 0.167187 0.237500
2 0.973437 0.308333 0.050000 0.075000
1 0.068750 0.871875 0.134375 0.214583
1 0.664844 0.066667 0.139063 0.129167
1 0.966406 0.872917 0.067187 0.241667
1 0.152344 0.821875 0.164062 0.231250
1 0.845313 0.092708 0.175000 0.177083
1 0.166406 0.154167 0.154688 0.212500
1 0.695312 0.373958 0.159375 0.193750
1 0.042969 0.648958 0.082812 0.189583
1 0.467187 0.529167 0.159375 0.195833
1 0.982031 0.525000 0.035937 0.229167
1 0.969531 0.183333 0.060937 0.195833
1 0.128906 0.982292 0.148438 0.035417
1 0.107031 0.083333 0.145313 0.162500
1 0.478125 0.309375 0.150000 0.218750
1 0.414844 0.978125 0.154688 0.043750
1 0.591406 0.906250 0.189062 0.187500
1 0.303125 0.215625 0.171875 0.256250
1 0.038281 0.411458 0.073438 0.252083
