0 0.322656 0.788542 0.404687 0.422917
1 0.937500 0.828125 0.125000 0.239583
1 0.232813 0.523958 0.162500 0.206250
1 0.785156 0.901042 0.185938 0.197917
1 0.911719 0.394792 0.157812 0.214583
1 0.831250 0.708333 0.171875 0.208333
1 0.066406 0.904167 0.129688 0.191667
1 0.303125 0.033333 0.162500 0.062500
1 0.069531 0.492708 0.135937 0.247917
1 0.144531 0.347917 0.164062 0.195833
1 0.697656 0.570833 0.154688 0.170833
1 0.318750 0.264583 0.162500 0.158333
1 0.168750 0.156250 0.203125 0.195833
1 0.676562 0.982292 0.153125 0.035417
1 0.772656 0.351042 0.164062 0.202083
1 0.526563 0.963542 0.131250 0.072917
1 0.342187 0.480208 0.159375 0.189583
1 0.579688 0.309375 0.162500 0.202083
2 0.448437 0.652083 0.062500 0.079167
1 0.947656 0.971875 0.104688 0.056250
1 0.877344 0.173958 0.179688 0.231250
1 0.126562 0.025000 0.143750 0.045833
1 0.473438 0.284375 0.159375 0.231250
2 0.572656 0.463542 0.098437 0.114583
