0 0.437500 0.395433 0.317308 0.387019
1 0.612981 0.134615 0.216346 0.245192
1 0.692308 0.358173 0.211538 0.221154
1 0.290865 0.861779 0.225962 0.204327
1 0.802885 0.876202 0.221154 0.247596
1 0.939904 0.378606 0.120192 0.228365
1 0.149038 0.947115 0.173077 0.105769
1 0.789663 0.133413 0.151442 0.252404
1 0.375000 0.082933 0.187500 0.161058
1 0.932692 0.691106 0.134615 0.247596
1 0.532452 0.713942 0.204327 0.264423
1 0.935096 0.088942 0.129808 0.173077
1 0.799279 0.544471 0.194712 0.233173
1 0.061298 0.727163 0.117788 0.247596
1 0.161058 0.227163 0.177885 0.218750
1 0.058894 0.336538 0.112981 0.230769
2 0.653846 0.516827 0.076923 0.086538
1 0.584135 0.926683 0.201923 0.146635
1 0.336538 0.665865 0.192308 0.187500
2 0.832933 0.368990 0.074519 0.079327
1 0.054087 0.411058 0.103365 0.221154
1 0.969952 0.956731 0.060096 0.086538
1 0.186298 0.617788 0.199519 0.216346
1 0.159856 0.087740 0.180288 0.170673
