0 0.726596 0.777765 0.337315 0.435405
1 0.278533 0.217289 0.195621 0.211274
1 0.518948 0.914939 0.177603 0.170122
1 0.158664 0.645027 0.168794 0.230805
2 0.0449138 0.576872 0.0781983 0.0728918
1 0.922476 0.900865 0.152404 0.188976
1 0.296624 0.951686 0.17755 0.0966283
1 0.227221 0.83364 0.174217 0.182737
2 0.264295 0.353742 0.0774892 0.0839789
1 0.194802 0.0521583 0.211143 0.104317
1 0.472085 0.252126 0.166892 0.233018
1 0.0855276 0.927853 0.159322 0.144293
1 0.439152 0.708668 0.157238 0.196926
1 0.595354 0.210204 0.143586 0.193978
1 0.951732 0.662262 0.0965363 0.228804
1 0.821711 0.281199 0.202051 0.218831
1 0.559398 0.505223 0.173986 0.23573
1 0.857102 0.521265 0.182732 0.238776
1 0.713148 0.0861583 0.167137 0.167175
1 0.33367 0.566504 0.185394 0.192273
