1 0.234722 0.892562 0.197222 0.192837
1 0.048611 0.104683 0.091667 0.203857
1 0.087500 0.524793 0.169444 0.217631
1 0.191667 0.680441 0.205556 0.203857
1 0.863889 0.253444 0.250000 0.220386
1 0.788889 0.085399 0.205556 0.165289
1 0.170833 0.298898 0.230556 0.228650
1 0.493056 0.913223 0.236111 0.173554
1 0.395833 0.174931 0.258333 0.223140
1 0.838889 0.487603 0.205556 0.242424
1 0.900000 0.763085 0.200000 0.247934
1 0.679167 0.805785 0.213889 0.206612
1 0.495833 0.039945 0.230556 0.074380
1 0.972222 0.497245 0.055556 0.212121
2 0.675000 0.133609 0.083333 0.090909
0 0.504167 0.502755 0.469444 0.652893
