1 0.094444 0.230028 0.183333 0.195592
1 0.104167 0.622590 0.202778 0.209366
1 0.059722 0.833333 0.113889 0.206612
1 0.900000 0.235537 0.200000 0.217631
1 0.854167 0.495868 0.219444 0.242424
1 0.227778 0.449036 0.205556 0.209366
1 0.675000 0.757576 0.222222 0.225895
1 0.309722 0.655647 0.208333 0.264463
1 0.109722 0.949036 0.213889 0.101928
1 0.380556 0.942149 0.227778 0.115702
1 0.443056 0.800275 0.241667 0.206612
2 0.097222 0.424242 0.105556 0.082645
1 0.368056 0.030303 0.241667 0.055096
1 0.313889 0.261708 0.238889 0.198347
1 0.068056 0.064738 0.130556 0.123967
1 0.666667 0.121212 0.211111 0.236915
2 0.206944 0.078512 0.097222 0.107438
1 0.294444 0.140496 0.216667 0.209366
1 0.627778 0.227273 0.227778 0.162534
0 0.522222 0.500000 0.388889 0.432507
