1 0.083478 0.126957 0.163478 0.250435
1 0.933043 0.138261 0.133913 0.259130
1 0.404348 0.883478 0.224348 0.229565
1 0.803478 0.664348 0.233043 0.278261
1 0.646087 0.847826 0.259130 0.238261
1 0.096522 0.445217 0.189565 0.253913
1 0.764348 0.080870 0.241739 0.158261
1 0.236522 0.633913 0.250435 0.252174
1 0.943478 0.474783 0.113043 0.278261
1 0.179130 0.933043 0.253913 0.133913
1 0.713913 0.371304 0.234783 0.206957
0 0.502609 0.510435 0.326957 0.328696
1 0.351304 0.314783 0.274783 0.246957
1 0.255652 0.195652 0.257391 0.217391
1 0.740000 0.250435 0.241739 0.173913
