1 0.056944 0.207989 0.108333 0.223140
1 0.056944 0.454545 0.108333 0.258953
1 0.951389 0.573003 0.097222 0.231405
1 0.258333 0.088154 0.227778 0.170799
1 0.894444 0.141873 0.211111 0.217631
1 0.876389 0.749311 0.213889 0.214876
1 0.854167 0.929752 0.202778 0.140496
1 0.279167 0.290634 0.247222 0.234160
1 0.244444 0.629477 0.222222 0.190083
1 0.270833 0.962810 0.269444 0.074380
1 0.818056 0.438017 0.258333 0.253444
1 0.118056 0.814050 0.230556 0.228650
1 0.740278 0.338843 0.213889 0.209366
1 0.054167 0.769972 0.102778 0.212121
0 0.505556 0.502755 0.338889 0.344353
1 0.563889 0.807163 0.300000 0.253444
1 0.801389 0.030303 0.241667 0.055096
