1 0.923611 0.508264 0.152778 0.212121
1 0.843056 0.654270 0.197222 0.184573
1 0.381944 0.834711 0.241667 0.225895
1 0.722222 0.258953 0.211111 0.214876
1 0.648611 0.865014 0.202778 0.231405
1 0.070833 0.895317 0.136111 0.209366
1 0.856944 0.831956 0.202778 0.165289
1 0.969444 0.079890 0.061111 0.154270
1 0.718056 0.068871 0.219444 0.132231
0 0.504167 0.504132 0.330556 0.314050
1 0.831944 0.920110 0.186111 0.159780
1 0.769444 0.150138 0.205556 0.212121
1 0.359722 0.976584 0.197222 0.046832
1 0.983333 0.877410 0.033333 0.217631
2 0.975000 0.249311 0.050000 0.074380
2 0.138889 0.685950 0.083333 0.066116
1 0.077778 0.960055 0.150000 0.079890
