0 0.475000 0.696875 0.312500 0.481250
1 0.121875 0.313542 0.165625 0.218750
1 0.913281 0.109375 0.151562 0.202083
1 0.923438 0.354167 0.150000 0.254167
1 0.739844 0.882292 0.185938 0.227083
1 0.601562 0.428125 0.153125 0.197917
1 0.778125 0.265625 0.187500 0.227083
1 0.728906 0.627083 0.189062 0.183333
1 0.964063 0.642708 0.071875 0.172917
1 0.067187 0.654167 0.131250 0.245833
1 0.157031 0.606250 0.157812 0.191667
1 0.614062 0.067708 0.159375 0.131250
1 0.493750 0.257292 0.143750 0.181250
1 0.555469 0.964583 0.123438 0.070833
1 0.857031 0.980208 0.151562 0.039583
0 0.283594 0.889583 0.242188 0.212500
1 0.278125 0.079167 0.156250 0.154167
1 0.457031 0.366667 0.160938 0.195833
1 0.737500 0.033333 0.150000 0.062500
1 0.676562 0.438542 0.140625 0.172917
1 0.367188 0.133333 0.162500 0.208333
1 0.288281 0.311458 0.142187 0.210417
