1 0.353913 0.169565 0.255652 0.297391
1 0.897391 0.806087 0.201739 0.259130
1 0.860000 0.603478 0.255652 0.243478
1 0.858261 0.049565 0.248696 0.095652
1 0.066957 0.231304 0.130435 0.240000
1 0.096522 0.773043 0.189565 0.273043
1 0.130435 0.086087 0.257391 0.168696
0 0.513913 0.500000 0.446957 0.530435
1 0.848696 0.358261 0.229565 0.274783
1 0.052174 0.636522 0.100870 0.253913
1 0.782609 0.942609 0.257391 0.114783
1 0.424348 0.928696 0.243478 0.142609
1 0.565217 0.900870 0.191304 0.198261
1 0.700000 0.905217 0.200000 0.189565
1 0.168696 0.364348 0.170435 0.206957
1 0.193913 0.515652 0.238261 0.227826
1 0.253043 0.671304 0.220870 0.212174
1 0.930435 0.159130 0.139130 0.182609
1 0.957391 0.293043 0.085217 0.238261
