1 0.904167 0.205234 0.191667 0.212121
1 0.927778 0.852617 0.144444 0.278237
1 0.804167 0.659780 0.202778 0.289256
1 0.612500 0.902204 0.225000 0.195592
1 0.112500 0.223140 0.219444 0.258953
1 0.419444 0.064738 0.205556 0.123967
1 0.637500 0.126722 0.263889 0.231405
1 0.172222 0.921488 0.227778 0.157025
1 0.220833 0.505510 0.213889 0.267218
1 0.155556 0.097796 0.238889 0.190083
2 0.061111 0.807163 0.088889 0.093664
1 0.244444 0.657025 0.255556 0.223140
1 0.912500 0.045455 0.175000 0.085399
2 0.058333 0.618457 0.100000 0.074380
2 0.391667 0.241047 0.094444 0.085399
2 0.048611 0.535813 0.091667 0.079890
2 0.280556 0.235537 0.077778 0.085399
0 0.495833 0.500000 0.313889 0.349862
