1 0.040000 0.754783 0.076522 0.271304
1 0.950435 0.793913 0.099130 0.231304
1 0.542609 0.120000 0.222609 0.229565
1 0.909565 0.460870 0.180870 0.260870
1 0.087826 0.486957 0.172174 0.229565
1 0.074783 0.131304 0.146087 0.252174
1 0.054783 0.366957 0.106087 0.246957
1 0.678261 0.815652 0.246957 0.271304
1 0.351304 0.885217 0.246957 0.226087
1 0.166957 0.081739 0.233043 0.160000
1 0.377391 0.713043 0.212174 0.243478
1 0.178261 0.770435 0.203478 0.253913
1 0.929565 0.909565 0.140870 0.177391
1 0.732174 0.533043 0.194783 0.248696
1 0.141739 0.951304 0.255652 0.097391
1 0.389565 0.033043 0.253913 0.062609
1 0.815652 0.637391 0.226087 0.220870
0 0.472174 0.442609 0.356522 0.443478
