1 0.583333 0.122590 0.177778 0.184573
1 0.050000 0.639118 0.094444 0.236915
1 0.211111 0.068871 0.227778 0.132231
1 0.313889 0.213499 0.200000 0.212121
1 0.136111 0.464187 0.161111 0.195592
1 0.931944 0.830579 0.136111 0.228650
1 0.770833 0.173554 0.213889 0.225895
1 0.202778 0.652893 0.211111 0.220386
1 0.479167 0.249311 0.169444 0.151515
1 0.031944 0.221763 0.058333 0.245179
1 0.534722 0.874656 0.252778 0.250689
1 0.768056 0.936639 0.191667 0.126722
2 0.890278 0.954545 0.086111 0.090909
0 0.505556 0.527548 0.383333 0.382920
