1 0.072174 0.827826 0.140870 0.260870
1 0.946957 0.612174 0.106087 0.264348
1 0.760870 0.458261 0.189565 0.304348
1 0.103478 0.161739 0.203478 0.285217
1 0.472174 0.942609 0.248696 0.114783
1 0.226087 0.900870 0.250435 0.198261
1 0.891304 0.326957 0.213913 0.302609
1 0.125217 0.616522 0.243478 0.231304
1 0.666957 0.187826 0.238261 0.246957
1 0.502609 0.074783 0.260870 0.146087
1 0.119130 0.402609 0.234783 0.206957
1 0.620000 0.770435 0.227826 0.226087
1 0.840000 0.845217 0.219130 0.271304
0 0.496522 0.482609 0.360000 0.398261
1 0.255652 0.046087 0.240000 0.088696
