0 0.287500 0.544792 0.337500 0.443750
1 0.503906 0.080208 0.164062 0.156250
1 0.597656 0.859375 0.154688 0.193750
1 0.874219 0.354167 0.164062 0.225000
1 0.049219 0.175000 0.095312 0.212500
1 0.717187 0.129167 0.168750 0.204167
1 0.410156 0.229167 0.157812 0.225000
1 0.547656 0.296875 0.173437 0.214583
1 0.577344 0.488542 0.151562 0.214583
1 0.832812 0.880208 0.171875 0.218750
1 0.058594 0.881250 0.114062 0.195833
1 0.950781 0.846875 0.098437 0.202083
1 0.130469 0.329167 0.160938 0.216667
1 0.261719 0.193750 0.176563 0.208333
2 0.041406 0.704167 0.051562 0.070833
1 0.428906 0.921875 0.157812 0.156250
1 0.057813 0.531250 0.112500 0.212500
1 0.799219 0.088542 0.151562 0.172917
1 0.817187 0.631250 0.175000 0.233333
1 0.179688 0.097917 0.171875 0.191667
1 0.978906 0.234375 0.042188 0.206250
1 0.964844 0.672917 0.070312 0.233333
1 0.497656 0.651042 0.142187 0.177083
1 0.550000 0.682292 0.112500 0.160417
1 0.285938 0.859375 0.156250 0.189583
1 0.349219 0.071875 0.145313 0.139583
1 0.932031 0.076042 0.135937 0.147917
2 0.589844 0.984375 0.082812 0.031250
