1 0.837506 0.212318 0.202462 0.200737
1 0.631534 0.268102 0.206624 0.195881
1 0.605536 0.922109 0.222631 0.154818
1 0.911122 0.787932 0.177756 0.226085
1 0.795286 0.509717 0.243255 0.2186
1 0.254628 0.0784574 0.209723 0.154439
1 0.49751 0.100798 0.235925 0.200299
1 0.763104 0.0544668 0.205482 0.107998
1 0.0509184 0.692253 0.0999349 0.207939
1 0.258147 0.421546 0.178442 0.244367
1 0.974495 0.178134 0.0510094 0.212955
1 0.96559 0.470847 0.0688204 0.206654
1 0.322635 0.689958 0.214089 0.220474
1 0.12026 0.232804 0.21259 0.210724
1 0.935171 0.950916 0.129657 0.098168
1 0.0700062 0.042676 0.140012 0.085352
1 0.126761 0.518692 0.218349 0.201114
1 0.673897 0.718031 0.23958 0.22453
1 0.216571 0.899891 0.252293 0.198985
1 0.0232805 0.899899 0.0465611 0.200015
0 0.502911 0.501098 0.296137 0.305413
2 0.0398159 0.379847 0.0773418 0.0864647
