1 0.275000 0.090909 0.205556 0.176309
1 0.073611 0.173554 0.141667 0.214876
1 0.061111 0.577135 0.116667 0.256198
1 0.470833 0.887052 0.230556 0.198347
1 0.725000 0.093664 0.227778 0.181818
1 0.948611 0.060606 0.102778 0.115702
1 0.044444 0.345730 0.083333 0.206612
1 0.680556 0.280992 0.200000 0.258953
1 0.766667 0.546832 0.183333 0.305785
0 0.505556 0.502755 0.250000 0.234160
1 0.877778 0.366391 0.211111 0.198347
1 0.904167 0.892562 0.186111 0.209366
1 0.270833 0.968320 0.241667 0.063361
1 0.536111 0.720386 0.244444 0.195592
1 0.940278 0.703857 0.119444 0.201102
1 0.894444 0.151515 0.205556 0.159780
1 0.294444 0.596419 0.194444 0.228650
2 0.136111 0.947658 0.077778 0.077135
1 0.943056 0.913223 0.113889 0.168044
1 0.655556 0.910468 0.200000 0.179063
1 0.658333 0.953168 0.205556 0.093664
1 0.620833 0.640496 0.130556 0.234160
1 0.781944 0.028926 0.230556 0.052342
1 0.908333 0.268595 0.177778 0.151515
1 0.476389 0.191460 0.152778 0.168044
1 0.122222 0.447658 0.200000 0.206612
1 0.254167 0.355372 0.175000 0.203857
1 0.202778 0.574380 0.155556 0.157025
1 0.145833 0.301653 0.125000 0.146006
1 0.909722 0.651515 0.147222 0.201102
1 0.554167 0.230028 0.175000 0.201102
