1 0.511719 0.861458 0.176563 0.227083
1 0.298438 0.625000 0.187500 0.225000
0 0.379688 0.168750 0.346875 0.333333
1 0.864062 0.552083 0.184375 0.233333
1 0.650000 0.246875 0.178125 0.231250
1 0.831250 0.890625 0.159375 0.210417
1 0.671094 0.928125 0.157812 0.143750
1 0.313281 0.389583 0.201563 0.225000
1 0.727344 0.725000 0.176563 0.225000
1 0.478125 0.486458 0.184375 0.231250
1 0.389844 0.963542 0.157812 0.072917
1 0.325000 0.837500 0.193750 0.208333
1 0.600781 0.076042 0.179688 0.147917
1 0.955469 0.835417 0.089063 0.229167
1 0.934375 0.285417 0.131250 0.212500
1 0.567187 0.495833 0.131250 0.245833
1 0.029687 0.203125 0.056250 0.272917
1 0.957031 0.391667 0.082812 0.195833
1 0.873437 0.026042 0.159375 0.047917
1 0.203125 0.968750 0.181250 0.062500
1 0.017969 0.715625 0.032813 0.189583
1 0.473438 0.285417 0.178125 0.208333
1 0.202344 0.830208 0.192188 0.197917
