1 0.146957 0.251304 0.238261 0.220870
1 0.847826 0.401739 0.259130 0.257391
1 0.893913 0.165217 0.212174 0.229565
1 0.096522 0.062609 0.189565 0.121739
1 0.086957 0.472174 0.170435 0.234783
1 0.588696 0.200870 0.259130 0.252174
1 0.759130 0.735652 0.231304 0.257391
1 0.347826 0.933043 0.243478 0.133913
1 0.081739 0.759130 0.160000 0.241739
1 0.306087 0.059130 0.212174 0.114783
1 0.752174 0.047826 0.241739 0.092174
1 0.221739 0.683478 0.245217 0.281739
1 0.519130 0.805217 0.248696 0.198261
0 0.432174 0.498261 0.506087 0.460870
1 0.133043 0.913043 0.262609 0.173913
1 0.932174 0.946957 0.132174 0.106087
