0 0.631010 0.343750 0.362981 0.427885
1 0.347356 0.263221 0.194712 0.218750
1 0.487981 0.907452 0.211538 0.180288
1 0.354567 0.830529 0.189904 0.194712
1 0.085337 0.127404 0.165865 0.201923
1 0.588942 0.609375 0.201923 0.209135
1 0.894231 0.502404 0.201923 0.221154
1 0.717548 0.764423 0.189904 0.225962
1 0.296875 0.063702 0.161058 0.122596
1 0.048077 0.301683 0.091346 0.180288
1 0.175481 0.301683 0.187500 0.252404
1 0.306490 0.959135 0.213942 0.081731
1 0.164663 0.872596 0.189904 0.230769
1 0.885817 0.878606 0.170673 0.209135
1 0.790865 0.150240 0.221154 0.237981
1 0.381010 0.625000 0.262019 0.235577
1 0.330529 0.498798 0.199519 0.199519
1 0.486779 0.088942 0.237981 0.173077
1 0.867788 0.677885 0.192308 0.187500
