0 0.854688 0.764583 0.290625 0.400000
1 0.095312 0.197917 0.165625 0.216667
1 0.612500 0.895833 0.162500 0.208333
1 0.332031 0.879167 0.167187 0.212500
1 0.608594 0.411458 0.179688 0.202083
1 0.263281 0.475000 0.179688 0.216667
1 0.743750 0.947917 0.168750 0.104167
1 0.213281 0.785417 0.154688 0.200000
1 0.431250 0.202083 0.178125 0.208333
1 0.493750 0.381250 0.159375 0.208333
1 0.871875 0.418750 0.159375 0.187500
1 0.088281 0.460417 0.173437 0.241667
1 0.785156 0.151042 0.139063 0.193750
1 0.067969 0.841667 0.132812 0.204167
1 0.596875 0.176042 0.162500 0.243750
1 0.613281 0.638542 0.164062 0.256250
1 0.197656 0.038542 0.176563 0.072917
2 0.493750 0.554167 0.068750 0.091667
1 0.884375 0.039583 0.159375 0.075000
1 0.354687 0.668750 0.162500 0.212500
1 0.328906 0.385417 0.164062 0.225000
1 0.551562 0.033333 0.159375 0.062500
1 0.670312 0.222917 0.165625 0.225000
1 0.021094 0.314583 0.039062 0.170833
1 0.390625 0.059375 0.175000 0.114583
1 0.046875 0.045833 0.090625 0.087500
1 0.964844 0.481250 0.070312 0.220833
1 0.413281 0.978125 0.167187 0.043750
1 0.017969 0.596875 0.032813 0.197917
1 0.742969 0.528125 0.157812 0.197917
1 0.987500 0.078125 0.025000 0.152083
1 0.100000 0.915625 0.181250 0.168750
1 0.920312 0.226042 0.153125 0.260417
1 0.479687 0.780208 0.131250 0.127083
1 0.451562 0.642708 0.128125 0.185417
