0 0.141827 0.296875 0.278846 0.401442
1 0.903846 0.747596 0.192308 0.177885
1 0.618990 0.711538 0.233173 0.201923
1 0.206731 0.572115 0.216346 0.197115
1 0.901442 0.081731 0.197115 0.158654
1 0.657452 0.461538 0.223558 0.187500
1 0.433894 0.519231 0.228365 0.187500
1 0.293269 0.853365 0.245192 0.187500
1 0.091346 0.925481 0.177885 0.144231
1 0.394231 0.688702 0.211538 0.175481
1 0.882212 0.408654 0.216346 0.177885
1 0.348558 0.090144 0.245192 0.175481
1 0.795673 0.609375 0.221154 0.165865
1 0.765625 0.215144 0.257212 0.242788
1 0.044471 0.580529 0.084135 0.204327
1 0.957933 0.556490 0.084135 0.189904
1 0.406250 0.331731 0.254808 0.240385
1 0.536058 0.893029 0.269231 0.199519
1 0.858173 0.960337 0.235577 0.079327
1 0.057692 0.060096 0.110577 0.115385
1 0.256010 0.968750 0.137019 0.062500
1 0.716346 0.968750 0.149038 0.062500
1 0.680288 0.040865 0.192308 0.076923
1 0.538462 0.027644 0.134615 0.050481
