0 0.359375 0.445913 0.444712 0.348558
1 0.373798 0.862981 0.228365 0.177885
1 0.920673 0.451923 0.153846 0.168269
1 0.224760 0.201923 0.233173 0.182692
1 0.314904 0.697115 0.201923 0.168269
1 0.764423 0.842548 0.216346 0.165865
1 0.645433 0.379808 0.209135 0.197115
1 0.412260 0.087740 0.199519 0.161058
1 0.088942 0.711538 0.173077 0.173077
1 0.599760 0.614183 0.218750 0.170673
1 0.068510 0.087740 0.132212 0.156250
1 0.108173 0.564904 0.211538 0.206731
1 0.941106 0.245192 0.117788 0.211538
2 0.266827 0.081731 0.067308 0.057692
1 0.181490 0.974760 0.257212 0.050481
1 0.748798 0.252404 0.213942 0.187500
1 0.899038 0.957933 0.201923 0.084135
1 0.530048 0.221154 0.252404 0.163462
1 0.804087 0.598558 0.199519 0.168269
1 0.712740 0.508413 0.223558 0.127404
