1 0.826087 0.586957 0.222609 0.231304
1 0.963478 0.511304 0.073043 0.330435
1 0.198261 0.620000 0.215652 0.248696
1 0.946087 0.160000 0.107826 0.278261
1 0.801739 0.111304 0.281739 0.219130
1 0.506957 0.952174 0.255652 0.095652
1 0.273043 0.080870 0.205217 0.158261
1 0.090435 0.106087 0.177391 0.208696
1 0.095652 0.237391 0.187826 0.234783
1 0.917391 0.773913 0.165217 0.267826
1 0.046957 0.491304 0.090435 0.307826
1 0.732174 0.726087 0.229565 0.259130
1 0.241739 0.891304 0.240000 0.210435
1 0.825217 0.891304 0.346087 0.213913
0 0.492174 0.378261 0.368696 0.627826
1 0.596522 0.808696 0.222609 0.212174
1 0.310435 0.779130 0.227826 0.240000
1 0.273043 0.144348 0.208696 0.146087
1 0.087826 0.920000 0.172174 0.160000
1 0.793913 0.482609 0.200000 0.175652
