1 0.095652 0.910435 0.187826 0.179130
1 0.903478 0.549565 0.193043 0.219130
1 0.915652 0.152174 0.168696 0.241739
1 0.723478 0.242609 0.229565 0.224348
1 0.509565 0.071304 0.253913 0.139130
1 0.317391 0.873043 0.231304 0.253913
1 0.339130 0.241739 0.229565 0.233043
1 0.115652 0.340870 0.227826 0.212174
1 0.775652 0.846087 0.208696 0.266087
1 0.054783 0.539130 0.106087 0.212174
1 0.160000 0.696522 0.222609 0.224348
1 0.551304 0.814783 0.243478 0.252174
1 0.252174 0.039130 0.267826 0.074783
1 0.929565 0.900000 0.140870 0.196522
1 0.240000 0.581739 0.208696 0.213913
0 0.550435 0.507826 0.436522 0.403478
