1 0.075000 0.161157 0.144444 0.217631
1 0.054167 0.938017 0.102778 0.123967
1 0.394444 0.911846 0.233333 0.176309
1 0.036111 0.564738 0.066667 0.203857
1 0.645833 0.932507 0.263889 0.134986
1 0.343056 0.154270 0.236111 0.253444
1 0.876389 0.216253 0.241667 0.250689
1 0.670833 0.756198 0.213889 0.212121
1 0.311111 0.761708 0.188889 0.223140
1 0.215278 0.338843 0.197222 0.231405
1 0.965278 0.509642 0.069444 0.225895
1 0.818056 0.571625 0.213889 0.300275
1 0.034722 0.344353 0.063889 0.209366
1 0.966667 0.933884 0.066667 0.132231
2 0.462500 0.776860 0.113889 0.126722
2 0.111111 0.056474 0.072222 0.068871
1 0.762500 0.042700 0.247222 0.079890
1 0.736111 0.084022 0.266667 0.162534
0 0.506944 0.495868 0.375000 0.369146
