1 0.630556 0.851240 0.183333 0.187328
1 0.113889 0.940771 0.222222 0.118457
1 0.313889 0.893939 0.200000 0.212121
1 0.083333 0.300275 0.161111 0.214876
1 0.811111 0.909091 0.211111 0.181818
1 0.201389 0.093664 0.208333 0.181818
1 0.250000 0.206612 0.205556 0.192837
1 0.284722 0.776860 0.208333 0.198347
1 0.844444 0.347107 0.216667 0.209366
1 0.041667 0.100551 0.077778 0.195592
1 0.130556 0.626722 0.205556 0.234160
1 0.684722 0.055096 0.213889 0.104683
1 0.556944 0.953168 0.213889 0.093664
1 0.959722 0.792011 0.080556 0.217631
1 0.952778 0.061983 0.094444 0.118457
1 0.934722 0.497245 0.130556 0.206612
1 0.481944 0.081267 0.202778 0.157025
1 0.176389 0.490358 0.213889 0.203857
1 0.958333 0.955923 0.083333 0.088154
1 0.805556 0.633609 0.194444 0.214876
1 0.394444 0.055096 0.200000 0.104683
1 0.975000 0.404959 0.050000 0.209366
1 0.725000 0.691460 0.177778 0.192837
0 0.505556 0.495868 0.433333 0.683196
