1 0.909565 0.555652 0.177391 0.241739
1 0.960000 0.250435 0.080000 0.233043
1 0.767826 0.205217 0.227826 0.233043
1 0.878261 0.931304 0.243478 0.137391
1 0.093913 0.424348 0.184348 0.215652
1 0.346087 0.947826 0.253913 0.104348
1 0.288696 0.058261 0.257391 0.113043
1 0.079130 0.200870 0.154783 0.217391
1 0.751304 0.744348 0.240000 0.226087
1 0.058261 0.847826 0.113043 0.238261
1 0.638261 0.940000 0.215652 0.120000
1 0.197391 0.618261 0.203478 0.224348
1 0.227826 0.788696 0.212174 0.217391
0 0.503478 0.504348 0.443478 0.455652
