1 0.036111 0.526171 0.066667 0.203857
1 0.955556 0.347107 0.088889 0.203857
1 0.825000 0.250689 0.216667 0.214876
1 0.730556 0.887052 0.211111 0.220386
1 0.890278 0.071625 0.219444 0.137741
1 0.115278 0.749311 0.225000 0.187328
1 0.043056 0.286501 0.080556 0.225895
1 0.644444 0.765840 0.244444 0.231405
1 0.856944 0.530303 0.230556 0.234160
1 0.416667 0.112948 0.211111 0.220386
1 0.176389 0.876033 0.247222 0.225895
1 0.915278 0.929752 0.169444 0.140496
1 0.893056 0.714876 0.213889 0.272727
1 0.326389 0.877410 0.191667 0.201102
1 0.063889 0.965565 0.122222 0.068871
1 0.181944 0.125344 0.236111 0.234160
1 0.525000 0.090909 0.216667 0.176309
1 0.488889 0.929752 0.272222 0.140496
1 0.172222 0.469697 0.211111 0.344353
1 0.168056 0.392562 0.213889 0.184573
0 0.511111 0.508264 0.544444 0.553719
1 0.158333 0.050964 0.255556 0.096419
1 0.970833 0.902204 0.058333 0.184573
1 0.955556 0.647383 0.088889 0.159780
