1 0.860156 0.812500 0.167187 0.229167
1 0.932813 0.585417 0.134375 0.225000
1 0.704688 0.742708 0.162500 0.222917
0 0.450781 0.787500 0.342187 0.387500
1 0.464844 0.309375 0.179688 0.243750
1 0.775781 0.527083 0.173437 0.216667
1 0.903125 0.371875 0.175000 0.206250
0 0.183594 0.513542 0.339062 0.506250
1 0.760938 0.106250 0.171875 0.208333
1 0.243750 0.159375 0.168750 0.206250
1 0.712500 0.290625 0.162500 0.189583
1 0.267969 0.067708 0.182812 0.131250
1 0.188281 0.944792 0.182812 0.110417
1 0.029687 0.086458 0.056250 0.168750
1 0.823438 0.068750 0.168750 0.133333
1 0.149219 0.168750 0.098437 0.191667
1 0.073438 0.160417 0.112500 0.179167
1 0.070312 0.762500 0.118750 0.175000
1 0.245312 0.845833 0.115625 0.241667
1 0.706250 0.415625 0.196875 0.202083
