1 0.084348 0.766957 0.165217 0.281739
1 0.311304 0.933913 0.253913 0.128696
1 0.900870 0.298261 0.198261 0.175652
1 0.807826 0.509565 0.231304 0.278261
1 0.156522 0.106957 0.226087 0.210435
1 0.058261 0.291304 0.113043 0.241739
1 0.970435 0.512174 0.059130 0.248696
1 0.880000 0.073043 0.240000 0.142609
1 0.578261 0.804348 0.276522 0.273043
1 0.409565 0.110435 0.286957 0.140870
0 0.486087 0.471304 0.419130 0.427826
1 0.373913 0.753043 0.233043 0.233043
1 0.120000 0.521739 0.236522 0.236522
1 0.472174 0.046957 0.213913 0.090435
1 0.932174 0.216522 0.135652 0.200000
