1 0.081944 0.129477 0.158333 0.198347
1 0.300000 0.866391 0.205556 0.217631
1 0.588889 0.761708 0.205556 0.206612
1 0.733333 0.622590 0.205556 0.198347
1 0.275000 0.128099 0.194444 0.201102
1 0.927778 0.608815 0.144444 0.203857
1 0.498611 0.922865 0.230556 0.148760
1 0.656944 0.103306 0.236111 0.201102
1 0.193056 0.534435 0.208333 0.214876
1 0.180556 0.863636 0.155556 0.223140
1 0.880556 0.342975 0.205556 0.217631
1 0.770833 0.933884 0.197222 0.132231
1 0.822222 0.796143 0.233333 0.192837
1 0.029167 0.546832 0.052778 0.201102
1 0.672222 0.292011 0.211111 0.220386
1 0.179167 0.322314 0.219444 0.198347
1 0.052778 0.911846 0.100000 0.165289
1 0.483333 0.038567 0.200000 0.071625
1 0.972222 0.823691 0.055556 0.203857
1 0.926389 0.975207 0.147222 0.049587
1 0.025000 0.342975 0.044444 0.184573
1 0.893056 0.111570 0.213889 0.206612
1 0.975000 0.528926 0.050000 0.198347
1 0.981944 0.264463 0.036111 0.181818
0 0.502778 0.494490 0.405556 0.377410
1 0.886111 0.037190 0.227778 0.068871
2 0.220833 0.013774 0.113889 0.022039
