1 0.225962 0.078125 0.187500 0.151442
1 0.649038 0.103365 0.206731 0.201923
1 0.382212 0.659856 0.201923 0.199519
1 0.568510 0.313702 0.194712 0.228365
0 0.772837 0.590144 0.319712 0.439904
1 0.258413 0.289663 0.170673 0.223558
1 0.531250 0.543269 0.192308 0.216346
1 0.274038 0.852163 0.206731 0.242788
1 0.602163 0.800481 0.233173 0.245192
1 0.775240 0.293269 0.204327 0.197115
1 0.918269 0.331731 0.163462 0.245192
1 0.972356 0.110577 0.055288 0.216346
1 0.947115 0.890625 0.105769 0.218750
1 0.022837 0.229567 0.040865 0.228365
1 0.879808 0.847356 0.139423 0.204327
