0 0.556772 0.427862 0.351401 0.459211
1 0.448396 0.760014 0.171312 0.227656
1 0.943296 0.791639 0.113408 0.228677
1 0.533909 0.0950331 0.173675 0.190066
1 0.753773 0.601434 0.210432 0.267289
1 0.421279 0.0937138 0.157877 0.187428
1 0.243559 0.900533 0.190816 0.19619
2 0.902321 0.537623 0.0718474 0.0917684
1 0.933199 0.165813 0.133602 0.212343
1 0.0410837 0.367594 0.0821673 0.203735
2 0.252028 0.14035 0.0513748 0.0639406
1 0.184194 0.380676 0.166281 0.213407
1 0.750433 0.0542146 0.17843 0.108429
1 0.858272 0.91039 0.15955 0.17922
1 0.788301 0.949429 0.130942 0.101141
1 0.303679 0.695839 0.162724 0.218518
1 0.146154 0.963598 0.185547 0.0728038
1 0.166531 0.116267 0.14557 0.20616
1 0.017432 0.140851 0.0320135 0.19004
1 0.266201 0.350776 0.14306 0.203127
1 0.342837 0.560156 0.179278 0.254725
1 0.070477 0.0205951 0.138118 0.0411903
