0 0.498798 0.790865 0.420673 0.418269
1 0.894231 0.105769 0.192308 0.206731
1 0.610577 0.217548 0.240385 0.233173
1 0.930288 0.490385 0.139423 0.245192
1 0.278846 0.616587 0.211538 0.209135
1 0.090144 0.103365 0.175481 0.192308
1 0.088942 0.335337 0.173077 0.233173
1 0.436298 0.485577 0.204327 0.177885
1 0.860577 0.748798 0.206731 0.194712
1 0.592548 0.046875 0.189904 0.088942
1 0.965144 0.901442 0.069712 0.197115
1 0.117788 0.895433 0.192308 0.209135
1 0.758413 0.558894 0.194712 0.223558
1 0.043269 0.469952 0.081731 0.233173
1 0.763221 0.461538 0.189904 0.187500
