1 0.834722 0.296143 0.202778 0.168044
1 0.043056 0.584022 0.080556 0.236915
1 0.965278 0.234160 0.069444 0.209366
1 0.897222 0.723140 0.205556 0.184573
1 0.705556 0.820937 0.233333 0.236915
1 0.858333 0.101928 0.222222 0.198347
1 0.527778 0.048209 0.194444 0.090909
1 0.112500 0.077135 0.219444 0.148760
1 0.890278 0.512397 0.197222 0.225895
1 0.947222 0.566116 0.105556 0.206612
1 0.480556 0.822314 0.177778 0.179063
1 0.190278 0.659780 0.202778 0.228650
1 0.684722 0.041322 0.213889 0.077135
1 0.279167 0.936639 0.219444 0.126722
1 0.484722 0.921488 0.219444 0.157025
1 0.211111 0.535813 0.200000 0.201102
1 0.258333 0.151515 0.216667 0.231405
1 0.338889 0.111570 0.216667 0.201102
1 0.948611 0.035813 0.102778 0.066116
1 0.020833 0.126722 0.036111 0.236915
1 0.184722 0.344353 0.186111 0.203857
0 0.504167 0.509642 0.363889 0.396694
1 0.100000 0.327824 0.194444 0.231405
2 0.012500 0.907713 0.019444 0.168044
1 0.181944 0.026171 0.186111 0.046832
