1 0.081739 0.552174 0.160000 0.248696
1 0.722609 0.766957 0.238261 0.243478
1 0.920870 0.573913 0.158261 0.267826
1 0.080870 0.158261 0.158261 0.250435
1 0.209565 0.069565 0.210435 0.135652
1 0.428696 0.106957 0.231304 0.210435
1 0.200870 0.377391 0.210435 0.219130
1 0.511304 0.881739 0.201739 0.233043
1 0.874783 0.293913 0.212174 0.253913
1 0.677391 0.146957 0.231304 0.245217
1 0.933043 0.109565 0.133913 0.215652
1 0.847826 0.933913 0.252174 0.132174
1 0.320870 0.933043 0.224348 0.133913
1 0.869565 0.039130 0.250435 0.074783
1 0.372174 0.670435 0.246957 0.231304
0 0.532174 0.471304 0.455652 0.490435
