1 0.675000 0.482292 0.159375 0.222917
0 0.468750 0.847917 0.196875 0.291667
1 0.935937 0.368750 0.128125 0.204167
1 0.740625 0.080208 0.128125 0.156250
1 0.310937 0.732292 0.146875 0.177083
1 0.825781 0.659375 0.154688 0.185417
1 0.037500 0.548958 0.071875 0.210417
1 0.837500 0.210417 0.178125 0.204167
1 0.146094 0.668750 0.173437 0.225000
1 0.215625 0.288542 0.150000 0.281250
1 0.064844 0.076042 0.126562 0.147917
1 0.878906 0.055208 0.164062 0.106250
1 0.957812 0.717708 0.084375 0.172917
1 0.661719 0.942708 0.139063 0.114583
1 0.282031 0.922917 0.151562 0.154167
1 0.908594 0.906250 0.176563 0.187500
1 0.500781 0.381250 0.157812 0.191667
1 0.519531 0.130208 0.185938 0.210417
2 0.472656 0.661458 0.060937 0.085417
1 0.121875 0.861458 0.162500 0.197917
1 0.378906 0.546875 0.173437 0.235417
1 0.802344 0.395833 0.142187 0.187500
1 0.284375 0.062500 0.156250 0.120833
1 0.441406 0.290625 0.142187 0.185417
1 0.872656 0.562500 0.176563 0.220833
1 0.305469 0.187500 0.145313 0.187500
1 0.664844 0.273958 0.164062 0.206250
1 0.731250 0.871875 0.175000 0.189583
