1 0.946087 0.551304 0.107826 0.222609
1 0.106957 0.522609 0.210435 0.259130
1 0.226087 0.248696 0.240000 0.246957
1 0.347826 0.082609 0.240000 0.161739
1 0.099130 0.775652 0.194783 0.219130
1 0.933043 0.866957 0.133913 0.231304
1 0.812174 0.380000 0.264348 0.241739
1 0.799130 0.153913 0.262609 0.224348
1 0.538261 0.153043 0.227826 0.208696
1 0.647826 0.039130 0.304348 0.074783
1 0.639130 0.930435 0.238261 0.139130
1 0.706087 0.807826 0.306087 0.241739
1 0.256522 0.580870 0.182609 0.267826
1 0.763478 0.602609 0.236522 0.217391
1 0.113913 0.053913 0.220870 0.104348
0 0.520000 0.495652 0.438261 0.500870
