0 0.528846 0.546875 0.466346 0.367788
1 0.930288 0.173077 0.139423 0.182692
1 0.087740 0.649038 0.170673 0.197115
1 0.096154 0.394231 0.187500 0.182692
1 0.394231 0.841346 0.216346 0.201923
1 0.698317 0.094952 0.185096 0.165865
1 0.751202 0.320913 0.213942 0.194712
1 0.941106 0.794471 0.117788 0.175481
1 0.885817 0.543269 0.209135 0.168269
1 0.492788 0.213942 0.274038 0.225962
2 0.051683 0.069712 0.074519 0.052885
1 0.550481 0.932692 0.245192 0.134615
1 0.751202 0.853365 0.213942 0.182692
1 0.257212 0.295673 0.206731 0.173077
1 0.199519 0.127404 0.250000 0.153846
1 0.930288 0.955529 0.139423 0.088942
1 0.098558 0.920673 0.192308 0.153846
1 0.030048 0.173077 0.055288 0.168269
1 0.806490 0.073317 0.165865 0.141827
1 0.715144 0.688702 0.218750 0.165865
