0 0.807692 0.526442 0.384615 0.370192
1 0.459135 0.709135 0.197115 0.187500
1 0.531250 0.417067 0.216346 0.165865
1 0.449519 0.908654 0.221154 0.173077
1 0.044471 0.737981 0.084135 0.225962
1 0.334135 0.093750 0.221154 0.182692
1 0.258413 0.673077 0.247596 0.216346
1 0.328125 0.359375 0.209135 0.199519
1 0.105769 0.106971 0.206731 0.204327
1 0.740385 0.832933 0.206731 0.175481
1 0.068510 0.953125 0.132212 0.093750
1 0.680288 0.117788 0.240385 0.221154
1 0.106971 0.295673 0.209135 0.245192
1 0.445913 0.290865 0.180288 0.139423
1 0.597356 0.228365 0.213942 0.158654
1 0.509615 0.068510 0.206731 0.132212
1 0.935096 0.221154 0.129808 0.240385
1 0.931490 0.906250 0.137019 0.125000
1 0.064904 0.524038 0.125000 0.177885
1 0.197115 0.514423 0.163462 0.177885
1 0.259615 0.849760 0.259615 0.127404
1 0.174279 0.951923 0.156250 0.096154
1 0.307692 0.954327 0.129808 0.091346
1 0.477163 0.556490 0.286058 0.132212
2 0.824519 0.194712 0.072115 0.067308
2 0.831731 0.110577 0.076923 0.057692
