1 0.254167 0.683196 0.191667 0.209366
1 0.913889 0.556474 0.172222 0.214876
1 0.152778 0.432507 0.211111 0.192837
1 0.077778 0.790634 0.150000 0.236915
1 0.609722 0.940771 0.202778 0.118457
1 0.897222 0.793388 0.205556 0.214876
1 0.786111 0.075758 0.205556 0.146006
1 0.684722 0.760331 0.197222 0.214876
1 0.837500 0.345730 0.208333 0.217631
1 0.038889 0.579890 0.072222 0.206612
1 0.361111 0.174931 0.244444 0.201102
1 0.433333 0.815427 0.194444 0.225895
1 0.038889 0.196970 0.072222 0.190083
1 0.609722 0.192837 0.230556 0.203857
1 0.127778 0.946281 0.216667 0.107438
1 0.930556 0.965565 0.138889 0.068871
1 0.366667 0.968320 0.244444 0.063361
1 0.387500 0.028926 0.202778 0.052342
1 0.950000 0.039945 0.100000 0.074380
2 0.515278 0.084022 0.086111 0.085399
0 0.495833 0.501377 0.380556 0.385675
