1 0.200000 0.453913 0.246957 0.267826
1 0.870435 0.080870 0.259130 0.158261
1 0.640000 0.218261 0.257391 0.248696
1 0.380870 0.228696 0.243478 0.241739
1 0.934783 0.901739 0.130435 0.189565
1 0.346957 0.723478 0.213913 0.208696
1 0.590435 0.778261 0.241739 0.252174
1 0.852174 0.479130 0.264348 0.245217
1 0.835652 0.741739 0.238261 0.231304
0 0.491304 0.505217 0.321739 0.297391
1 0.111304 0.916522 0.219130 0.166957
1 0.251304 0.924348 0.252174 0.147826
1 0.092174 0.261739 0.180870 0.227826
1 0.925217 0.622609 0.149565 0.347826
1 0.139130 0.066087 0.222609 0.128696
1 0.138261 0.140000 0.206957 0.210435
