1 0.783333 0.687328 0.200000 0.201102
1 0.947222 0.741047 0.105556 0.242424
1 0.180556 0.896694 0.227778 0.206612
1 0.875000 0.488981 0.216667 0.223140
1 0.409722 0.190083 0.213889 0.225895
1 0.716667 0.063361 0.194444 0.121212
1 0.188889 0.143251 0.244444 0.258953
1 0.023611 0.147383 0.041667 0.190083
2 0.083333 0.351240 0.100000 0.101928
2 0.031944 0.968320 0.058333 0.063361
1 0.019444 0.621212 0.033333 0.245179
1 0.181944 0.454545 0.202778 0.165289
1 0.125000 0.509642 0.216667 0.242424
2 0.901389 0.987603 0.108333 0.024793
0 0.506944 0.504132 0.369444 0.385675
