1 0.891304 0.904348 0.213913 0.191304
1 0.722609 0.093043 0.227826 0.182609
1 0.902609 0.346087 0.194783 0.257391
1 0.060870 0.174783 0.118261 0.248696
1 0.474783 0.223478 0.250435 0.241739
1 0.113913 0.773913 0.224348 0.246957
1 0.293043 0.904348 0.231304 0.191304
1 0.217391 0.080000 0.246957 0.156522
1 0.503478 0.050435 0.241739 0.097391
1 0.064348 0.924348 0.125217 0.151304
1 0.175652 0.539130 0.253913 0.246957
1 0.283478 0.188696 0.194783 0.231304
1 0.842609 0.584348 0.252174 0.240000
1 0.874783 0.040000 0.240000 0.076522
1 0.450435 0.931304 0.264348 0.137391
2 0.466957 0.792174 0.144348 0.147826
0 0.501739 0.531304 0.356522 0.370435
