1 0.626957 0.819130 0.269565 0.267826
1 0.781739 0.327826 0.255652 0.262609
1 0.843478 0.713913 0.236522 0.238261
1 0.160870 0.385217 0.252174 0.259130
1 0.459130 0.932174 0.257391 0.135652
1 0.953043 0.864348 0.093913 0.257391
1 0.903478 0.138261 0.193043 0.245217
1 0.045217 0.546087 0.086957 0.281739
1 0.217391 0.936522 0.257391 0.126957
1 0.119130 0.125217 0.234783 0.246957
0 0.487826 0.499130 0.433043 0.462609
1 0.677391 0.077391 0.196522 0.151304
1 0.833043 0.070435 0.233043 0.137391
1 0.236522 0.145217 0.229565 0.231304
