0 0.417067 0.878606 0.329327 0.237981
1 0.460337 0.444712 0.218750 0.240385
1 0.092548 0.750000 0.180288 0.216346
1 0.659856 0.610577 0.175481 0.177885
1 0.914663 0.774038 0.170673 0.211538
1 0.746394 0.598558 0.185096 0.221154
1 0.556490 0.162260 0.199519 0.266827
1 0.903846 0.532452 0.182692 0.223558
1 0.110577 0.448317 0.187500 0.257212
1 0.325721 0.264423 0.194712 0.177885
1 0.212740 0.811298 0.180288 0.213942
1 0.115385 0.078125 0.192308 0.151442
1 0.287260 0.522837 0.161058 0.199519
1 0.891827 0.230769 0.211538 0.235577
1 0.757212 0.302885 0.225962 0.245192
1 0.385817 0.084135 0.204327 0.163462
1 0.663462 0.862981 0.225962 0.274038
1 0.824519 0.055288 0.216346 0.105769
1 0.920673 0.894231 0.158654 0.197115
1 0.296875 0.108173 0.185096 0.211538
1 0.665865 0.924279 0.206731 0.151442
1 0.343750 0.668269 0.192308 0.173077
