1 0.951389 0.323691 0.097222 0.228650
1 0.109722 0.289256 0.213889 0.214876
1 0.055556 0.099174 0.105556 0.192837
1 0.222222 0.063361 0.211111 0.121212
1 0.830556 0.056474 0.238889 0.107438
1 0.161111 0.504132 0.205556 0.220386
1 0.084722 0.892562 0.163889 0.214876
1 0.852778 0.515152 0.205556 0.242424
1 0.313889 0.221763 0.194444 0.217631
1 0.248611 0.772727 0.225000 0.223140
1 0.680556 0.819559 0.216667 0.256198
1 0.026389 0.475207 0.047222 0.256198
1 0.288889 0.951791 0.211111 0.096419
1 0.850000 0.210744 0.244444 0.217631
1 0.979167 0.553719 0.041667 0.220386
1 0.440278 0.154270 0.230556 0.192837
1 0.881944 0.807163 0.202778 0.275482
1 0.056944 0.736915 0.108333 0.217631
1 0.915278 0.911846 0.169444 0.170799
1 0.652778 0.979339 0.238889 0.041322
1 0.416667 0.017906 0.211111 0.030303
1 0.168056 0.982094 0.241667 0.035813
0 0.504167 0.502755 0.497222 0.581267
