1 0.427778 0.055096 0.188889 0.104683
1 0.862500 0.055096 0.219444 0.104683
1 0.090278 0.059229 0.175000 0.112948
1 0.301389 0.179063 0.202778 0.225895
1 0.315278 0.940771 0.225000 0.118457
1 0.897222 0.933884 0.205556 0.132231
1 0.083333 0.949036 0.161111 0.101928
1 0.352778 0.765840 0.233333 0.220386
1 0.225000 0.599174 0.238889 0.250689
1 0.727778 0.856749 0.211111 0.220386
1 0.763889 0.294766 0.227778 0.203857
1 0.190278 0.344353 0.241667 0.253444
1 0.763889 0.516529 0.200000 0.239669
1 0.051389 0.584022 0.097222 0.236915
1 0.651389 0.115702 0.219444 0.225895
1 0.937500 0.753444 0.125000 0.250689
1 0.956944 0.221763 0.086111 0.168044
0 0.504167 0.546832 0.297222 0.311295
1 0.973611 0.330579 0.052778 0.192837
1 0.031944 0.453168 0.058333 0.190083
