1 0.088696 0.786087 0.173913 0.253913
1 0.789565 0.878261 0.205217 0.208696
1 0.917391 0.074783 0.165217 0.146087
1 0.081739 0.253043 0.160000 0.280000
1 0.115652 0.520870 0.227826 0.273043
1 0.733913 0.289565 0.243478 0.227826
1 0.253913 0.301739 0.243478 0.276522
1 0.251304 0.083478 0.266087 0.163478
1 0.910435 0.380870 0.175652 0.205217
1 0.956522 0.930435 0.083478 0.139130
1 0.591304 0.780000 0.226087 0.238261
1 0.688696 0.068696 0.253913 0.133913
1 0.874783 0.668696 0.219130 0.224348
1 0.646957 0.963478 0.194783 0.073043
1 0.780000 0.514783 0.220870 0.240000
1 0.960000 0.726087 0.080000 0.224348
0 0.488696 0.491304 0.462609 0.377391
