1 0.900000 0.055096 0.200000 0.104683
1 0.080556 0.185950 0.155556 0.234160
1 0.919444 0.607438 0.161111 0.234160
1 0.919444 0.232782 0.161111 0.223140
1 0.206944 0.073003 0.230556 0.140496
1 0.762500 0.914601 0.213889 0.170799
1 0.218056 0.359504 0.225000 0.245179
1 0.801389 0.398072 0.208333 0.212121
1 0.352778 0.946281 0.238889 0.107438
1 0.695833 0.202479 0.236111 0.212121
1 0.183333 0.837466 0.222222 0.214876
1 0.084722 0.968320 0.163889 0.063361
1 0.462500 0.829201 0.263889 0.203857
0 0.505556 0.519284 0.400000 0.415978
