1 0.944444 0.506887 0.111111 0.203857
1 0.781944 0.590909 0.197222 0.228650
1 0.077778 0.298898 0.150000 0.228650
1 0.126389 0.093664 0.236111 0.181818
1 0.105556 0.672176 0.205556 0.253444
1 0.923611 0.910468 0.152778 0.179063
1 0.686111 0.856749 0.188889 0.269972
1 0.756944 0.347107 0.175000 0.220386
1 0.661111 0.136364 0.227778 0.223140
1 0.216667 0.796143 0.222222 0.275482
1 0.866667 0.174931 0.227778 0.195592
1 0.897222 0.695592 0.205556 0.217631
1 0.311111 0.053719 0.216667 0.101928
1 0.872222 0.037190 0.172222 0.068871
1 0.126389 0.972452 0.247222 0.055096
1 0.462500 0.921488 0.213889 0.151515
1 0.038889 0.928375 0.072222 0.143251
1 0.688889 0.020661 0.200000 0.035813
1 0.056944 0.557851 0.108333 0.212121
1 0.411111 0.976584 0.200000 0.046832
1 0.983333 0.068871 0.033333 0.132231
0 0.505556 0.490358 0.433333 0.716253
