0 0.806250 0.675000 0.337500 0.462500
1 0.913281 0.134375 0.173437 0.210417
1 0.326562 0.702083 0.162500 0.229167
1 0.075000 0.629167 0.146875 0.195833
1 0.216406 0.486458 0.170313 0.227083
1 0.311719 0.114583 0.167187 0.208333
1 0.701562 0.077083 0.196875 0.150000
1 0.507812 0.714583 0.181250 0.200000
1 0.472656 0.571875 0.179688 0.206250
1 0.420312 0.130208 0.175000 0.231250
1 0.059375 0.107292 0.115625 0.210417
1 0.326562 0.445833 0.156250 0.250000
1 0.450000 0.912500 0.165625 0.175000
1 0.678906 0.943750 0.160938 0.112500
1 0.096875 0.310417 0.190625 0.212500
1 0.961719 0.490625 0.076563 0.252083
1 0.198437 0.925000 0.140625 0.150000
1 0.928906 0.908333 0.142187 0.183333
1 0.597656 0.821875 0.145313 0.152083
1 0.022656 0.482292 0.042188 0.177083
1 0.021875 0.768750 0.040625 0.179167
1 0.741406 0.345833 0.185938 0.220833
1 0.714844 0.273958 0.160938 0.197917
1 0.978125 0.719792 0.043750 0.235417
1 0.373437 0.945833 0.118750 0.108333
