1 0.346957 0.088696 0.238261 0.173913
1 0.604348 0.873913 0.255652 0.252174
1 0.863478 0.104348 0.273043 0.205217
1 0.581739 0.200870 0.227826 0.175652
1 0.060870 0.753043 0.118261 0.274783
1 0.898261 0.300870 0.203478 0.257391
1 0.206087 0.313913 0.213913 0.220870
1 0.926957 0.604348 0.146087 0.280000
1 0.239130 0.775652 0.269565 0.295652
1 0.870435 0.486087 0.255652 0.255652
1 0.091304 0.079130 0.179130 0.154783
0 0.468696 0.499130 0.509565 0.566957
1 0.575652 0.081739 0.219130 0.160000
1 0.128696 0.249565 0.208696 0.210435
