0 0.454624 0.763784 0.356107 0.436551
1 0.276377 0.107068 0.177105 0.214136
1 0.910264 0.88734 0.179472 0.207266
1 0.714575 0.933961 0.183417 0.132078
1 0.622338 0.205403 0.191191 0.224822
1 0.144135 0.883954 0.162587 0.228923
1 0.756148 0.758721 0.184011 0.20355
1 0.101693 0.649978 0.171905 0.214702
1 0.232121 0.343766 0.158076 0.224461
1 0.0965985 0.424256 0.158151 0.192169
1 0.0450443 0.203404 0.0887421 0.249935
1 0.75881 0.550495 0.188074 0.20695
1 0.80813 0.334386 0.199589 0.271216
1 0.727313 0.0566799 0.181475 0.11336
1 0.954227 0.358785 0.091545 0.270434
1 0.413776 0.25775 0.193551 0.19584
1 0.299536 0.931398 0.162794 0.136587
1 0.530428 0.0412169 0.176174 0.0803939
1 0.033754 0.80876 0.0671161 0.212908
1 0.86668 0.152224 0.187141 0.223193
2 0.216097 0.544243 0.057357 0.08111
1 0.0630086 0.0320355 0.126017 0.064071
