0 0.396903 0.685231 0.289618 0.386555
1 0.681899 0.0847388 0.163298 0.169478
1 0.834178 0.1474 0.157569 0.207796
1 0.807939 0.576378 0.173706 0.205283
1 0.321456 0.0718307 0.1567 0.143661
1 0.494861 0.304139 0.172273 0.220473
1 0.0912828 0.570628 0.179802 0.218663
1 0.944676 0.53125 0.110649 0.205419
2 0.0894446 0.429683 0.0591069 0.0826115
1 0.334917 0.288956 0.169019 0.204646
1 0.664675 0.785881 0.149869 0.182825
1 0.798703 0.967399 0.14468 0.0642503
1 0.552648 0.88029 0.159578 0.214135
1 0.252359 0.214449 0.18016 0.213404
1 0.745246 0.754441 0.165711 0.201281
1 0.879323 0.0261978 0.139112 0.0523955
1 0.356096 0.929473 0.186907 0.141054
1 0.825862 0.419114 0.165919 0.22694
1 0.9736 0.247694 0.0528001 0.201062
1 0.664858 0.590959 0.148931 0.169408
1 0.0646042 0.854265 0.127038 0.193146
1 0.92007 0.722874 0.157485 0.185723
1 0.240545 0.85772 0.136629 0.156266
1 0.136201 0.764274 0.159832 0.196435
1 0.61871 0.983036 0.147113 0.0339276
1 0.0291189 0.369258 0.0561913 0.184028
1 0.635972 0.48831 0.170496 0.211804
