1 0.260937 0.829167 0.162500 0.208333
1 0.259375 0.393750 0.171875 0.208333
1 0.200000 0.194792 0.165625 0.202083
1 0.081250 0.656250 0.159375 0.220833
1 0.739062 0.363542 0.178125 0.227083
0 0.550781 0.533333 0.332813 0.408333
1 0.553125 0.080208 0.165625 0.156250
1 0.454688 0.241667 0.187500 0.266667
1 0.910937 0.664583 0.175000 0.237500
1 0.275781 0.636458 0.195312 0.218750
1 0.703906 0.923958 0.198437 0.152083
1 0.967969 0.437500 0.064062 0.195833
1 0.886719 0.275000 0.145313 0.258333
1 0.963281 0.793750 0.073438 0.229167
1 0.835156 0.058333 0.176563 0.112500
1 0.689844 0.023958 0.135937 0.043750
2 0.085156 0.938542 0.123438 0.122917
1 0.092188 0.108333 0.181250 0.200000
1 0.875781 0.934375 0.210938 0.131250
1 0.047656 0.875000 0.092188 0.170833
2 0.126562 0.428125 0.059375 0.085417
