1 0.033333 0.090909 0.061111 0.176309
1 0.086111 0.954545 0.166667 0.090909
1 0.076389 0.381543 0.147222 0.212121
1 0.191667 0.082645 0.227778 0.159780
1 0.951389 0.586777 0.097222 0.198347
1 0.098611 0.794766 0.191667 0.223140
1 0.243056 0.413223 0.175000 0.187328
1 0.231944 0.640496 0.219444 0.234160
1 0.394444 0.910468 0.238889 0.179063
1 0.784722 0.201102 0.252778 0.192837
1 0.966667 0.790634 0.066667 0.187328
1 0.355556 0.223140 0.205556 0.214876
1 0.048611 0.593664 0.091667 0.195592
1 0.812500 0.418733 0.252778 0.225895
1 0.811111 0.849862 0.211111 0.217631
1 0.812500 0.045455 0.213889 0.085399
1 0.936111 0.955923 0.127778 0.088154
1 0.604167 0.812672 0.202778 0.269972
1 0.597222 0.081267 0.238889 0.157025
1 0.777778 0.615702 0.222222 0.201102
1 0.658333 0.976584 0.266667 0.046832
1 0.966667 0.041322 0.066667 0.077135
1 0.387500 0.019284 0.230556 0.033058
0 0.504167 0.505510 0.358333 0.415978
