1 0.913934 0.746612 0.172131 0.262873
0 0.491803 0.500000 0.306011 0.306233
1 0.311475 0.654472 0.251366 0.252033
1 0.140710 0.460705 0.199454 0.211382
1 0.087432 0.101626 0.169399 0.197832
1 0.551913 0.766938 0.245902 0.265583
1 0.728142 0.669377 0.232240 0.249322
1 0.868852 0.172087 0.262295 0.246612
1 0.428962 0.915989 0.256831 0.168022
1 0.946721 0.349593 0.106557 0.265583
1 0.047814 0.523035 0.090164 0.178862
1 0.364754 0.042005 0.259563 0.078591
1 0.262295 0.271003 0.240437 0.211382
1 0.032787 0.291328 0.060109 0.176152
1 0.836066 0.513550 0.267760 0.219512
2 0.871585 0.440379 0.071038 0.067751
1 0.725410 0.970190 0.183060 0.059621
