1 0.081944 0.265840 0.158333 0.234160
1 0.345833 0.090909 0.213889 0.176309
1 0.570833 0.096419 0.202778 0.187328
1 0.947222 0.917355 0.105556 0.165289
1 0.893056 0.359504 0.175000 0.245179
1 0.856944 0.100551 0.230556 0.195592
1 0.369444 0.769972 0.227778 0.234160
1 0.731944 0.800275 0.263889 0.212121
1 0.175000 0.853994 0.227778 0.225895
1 0.269444 0.316804 0.216667 0.242424
1 0.540278 0.949036 0.225000 0.101928
1 0.687500 0.260331 0.252778 0.267218
1 0.798611 0.960055 0.247222 0.079890
1 0.780556 0.563361 0.205556 0.245179
1 0.148611 0.056474 0.230556 0.107438
1 0.029167 0.899449 0.052778 0.201102
1 0.977778 0.668044 0.044444 0.223140
1 0.980556 0.209366 0.038889 0.236915
1 0.022222 0.086777 0.038889 0.168044
0 0.515278 0.504132 0.386111 0.413223
