0 0.672656 0.179167 0.367188 0.354167
1 0.357031 0.304167 0.145313 0.204167
1 0.874219 0.340625 0.151562 0.185417
1 0.733594 0.615625 0.164062 0.206250
1 0.476562 0.479167 0.153125 0.229167
1 0.403125 0.720833 0.215625 0.216667
1 0.942187 0.717708 0.115625 0.202083
1 0.863281 0.923958 0.164062 0.152083
1 0.620313 0.920833 0.190625 0.158333
1 0.920312 0.510417 0.159375 0.175000
1 0.631250 0.431250 0.150000 0.200000
1 0.060937 0.551042 0.118750 0.193750
1 0.182812 0.345833 0.203125 0.279167
1 0.200781 0.794792 0.160938 0.222917
1 0.142969 0.592708 0.157812 0.206250
1 0.111719 0.880208 0.167187 0.231250
1 0.118750 0.107292 0.156250 0.197917
1 0.319531 0.521875 0.176563 0.210417
2 0.321094 0.873958 0.076563 0.102083
1 0.042969 0.331250 0.082812 0.225000
1 0.214062 0.093750 0.178125 0.183333
1 0.076563 0.763542 0.150000 0.185417
1 0.831250 0.583333 0.162500 0.220833
1 0.532031 0.334375 0.170313 0.239583
