1 0.363889 0.763085 0.244444 0.236915
1 0.109722 0.130854 0.213889 0.223140
1 0.293056 0.052342 0.247222 0.099174
1 0.781944 0.694215 0.236111 0.236915
1 0.880556 0.873278 0.238889 0.242424
1 0.943056 0.461433 0.113889 0.234160
1 0.863889 0.151515 0.250000 0.247934
1 0.788889 0.352617 0.238889 0.247934
1 0.188889 0.546832 0.227778 0.250689
1 0.390278 0.202479 0.230556 0.212121
1 0.047222 0.486226 0.088889 0.256198
1 0.118056 0.966942 0.230556 0.066116
1 0.138889 0.779614 0.211111 0.236915
0 0.508333 0.500000 0.383333 0.393939
