1 0.160870 0.902609 0.217391 0.194783
1 0.391304 0.283478 0.219130 0.226087
1 0.175652 0.300870 0.219130 0.243478
1 0.279130 0.073043 0.241739 0.142609
1 0.107826 0.708696 0.212174 0.213913
1 0.255652 0.541739 0.226087 0.255652
1 0.846957 0.366957 0.219130 0.229565
1 0.472174 0.781739 0.259130 0.220870
1 0.073043 0.420000 0.142609 0.241739
1 0.733043 0.851304 0.234783 0.210435
1 0.936522 0.530435 0.126957 0.198261
1 0.819130 0.696522 0.219130 0.220870
1 0.506957 0.120000 0.217391 0.236522
1 0.082609 0.075652 0.161739 0.147826
1 0.950435 0.756522 0.099130 0.212174
1 0.607826 0.936522 0.206957 0.126957
1 0.839130 0.966957 0.276522 0.066087
1 0.937391 0.931304 0.125217 0.137391
0 0.556522 0.518261 0.396522 0.358261
1 0.691304 0.063478 0.231304 0.123478
1 0.934783 0.235652 0.130435 0.206957
