1 0.733333 0.078512 0.205556 0.151515
1 0.609722 0.191460 0.208333 0.201102
1 0.156944 0.095041 0.208333 0.184573
1 0.813889 0.263085 0.183333 0.217631
1 0.484722 0.827824 0.208333 0.184573
1 0.056944 0.900826 0.108333 0.198347
1 0.818056 0.614325 0.186111 0.209366
1 0.680556 0.752066 0.177778 0.198347
1 0.295833 0.257576 0.169444 0.195592
1 0.208333 0.449036 0.172222 0.220386
1 0.143056 0.702479 0.213889 0.187328
1 0.905556 0.247934 0.188889 0.192837
1 0.252778 0.826446 0.216667 0.203857
1 0.970833 0.418733 0.058333 0.170799
1 0.800000 0.893939 0.222222 0.212121
1 0.075000 0.358127 0.144444 0.220386
1 0.565278 0.904959 0.202778 0.190083
1 0.494444 0.053719 0.194444 0.101928
1 0.377778 0.957300 0.183333 0.085399
1 0.961111 0.628099 0.077778 0.225895
1 0.963889 0.904959 0.072222 0.168044
1 0.172222 0.964187 0.200000 0.071625
1 0.058333 0.654270 0.111111 0.206612
1 0.905556 0.030303 0.188889 0.055096
1 0.123611 0.282369 0.175000 0.168044
1 0.916667 0.986226 0.166667 0.027548
2 0.333333 0.016529 0.138889 0.027548
0 0.491667 0.506887 0.427778 0.446281
