1 0.908333 0.727273 0.183333 0.225895
1 0.066667 0.706612 0.127778 0.245179
1 0.720833 0.724518 0.191667 0.209366
1 0.737500 0.056474 0.186111 0.107438
1 0.906944 0.125344 0.186111 0.212121
1 0.079167 0.468320 0.152778 0.231405
1 0.069444 0.107438 0.133333 0.209366
1 0.604167 0.898072 0.236111 0.203857
1 0.934722 0.906336 0.130556 0.154270
1 0.423611 0.095041 0.236111 0.184573
1 0.238889 0.714876 0.216667 0.228650
1 0.273611 0.914601 0.236111 0.170799
1 0.958333 0.550964 0.083333 0.209366
1 0.233333 0.136364 0.205556 0.239669
1 0.829167 0.333333 0.241667 0.231405
1 0.330556 0.954545 0.188889 0.090909
1 0.105556 0.968320 0.205556 0.063361
1 0.551389 0.012397 0.241667 0.019284
0 0.504167 0.493113 0.369444 0.446281
