1 0.100000 0.106957 0.196522 0.210435
1 0.946957 0.091304 0.106087 0.179130
1 0.761739 0.122609 0.229565 0.241739
1 0.917391 0.306957 0.165217 0.206957
1 0.074783 0.799130 0.146087 0.262609
1 0.326087 0.135652 0.238261 0.233043
1 0.154783 0.429565 0.187826 0.236522
1 0.840870 0.818261 0.227826 0.262609
1 0.953043 0.811304 0.093913 0.231304
1 0.618261 0.853913 0.252174 0.274783
1 0.188696 0.889565 0.245217 0.220870
1 0.838261 0.536522 0.191304 0.273043
0 0.520870 0.508696 0.596522 0.558261
1 0.372174 0.934783 0.219130 0.130435
1 0.942609 0.555652 0.114783 0.224348
1 0.063478 0.454783 0.123478 0.220870
