1 0.413889 0.049587 0.205556 0.093664
1 0.661111 0.074380 0.211111 0.143251
1 0.827778 0.567493 0.183333 0.198347
1 0.930556 0.406336 0.138889 0.206612
1 0.059722 0.825069 0.113889 0.250689
1 0.484722 0.910468 0.213889 0.179063
1 0.950000 0.898072 0.100000 0.203857
1 0.115278 0.086777 0.225000 0.168044
1 0.198611 0.747934 0.197222 0.250689
1 0.898611 0.188705 0.202778 0.223140
1 0.975000 0.636364 0.050000 0.214876
1 0.869444 0.034435 0.238889 0.063361
1 0.030556 0.595041 0.055556 0.214876
1 0.033333 0.177686 0.061111 0.212121
1 0.751389 0.971074 0.230556 0.057851
1 0.400000 0.705234 0.288889 0.247934
0 0.505556 0.500000 0.461111 0.410468
