1 0.476562 0.378125 0.165625 0.222917
1 0.553906 0.108333 0.157812 0.212500
1 0.914062 0.694792 0.171875 0.222917
0 0.624219 0.884375 0.342187 0.231250
1 0.265625 0.330208 0.168750 0.243750
1 0.405469 0.786458 0.157812 0.206250
1 0.660156 0.295833 0.201563 0.254167
1 0.308594 0.778125 0.173437 0.214583
1 0.214062 0.155208 0.162500 0.214583
1 0.680469 0.444792 0.167187 0.206250
1 0.827344 0.544792 0.170313 0.197917
1 0.568750 0.657292 0.196875 0.243750
1 0.035937 0.866667 0.068750 0.200000
1 0.062500 0.346875 0.121875 0.193750
1 0.042969 0.141667 0.082812 0.225000
1 0.928906 0.340625 0.142187 0.210417
1 0.083594 0.564583 0.164062 0.241667
1 0.166406 0.952083 0.182812 0.095833
1 0.951562 0.503125 0.096875 0.206250
1 0.864844 0.126042 0.167187 0.214583
1 0.868750 0.905208 0.221875 0.185417
1 0.135937 0.801042 0.156250 0.189583
1 0.689844 0.068750 0.164062 0.133333
1 0.772656 0.122917 0.160938 0.195833
1 0.332031 0.527083 0.120313 0.183333
