1 0.293056 0.662534 0.208333 0.201102
1 0.904167 0.720386 0.191667 0.212121
1 0.488889 0.765840 0.200000 0.192837
1 0.672222 0.095041 0.211111 0.184573
1 0.084722 0.735537 0.163889 0.198347
1 0.920833 0.454545 0.158333 0.192837
1 0.104167 0.444904 0.191667 0.179063
1 0.245833 0.855372 0.186111 0.190083
1 0.083333 0.126722 0.161111 0.203857
1 0.933333 0.915978 0.133333 0.162534
1 0.741667 0.279614 0.188889 0.206612
1 0.618056 0.282369 0.169444 0.206612
1 0.243056 0.089532 0.225000 0.173554
1 0.720833 0.636364 0.191667 0.209366
1 0.637500 0.910468 0.230556 0.179063
1 0.327778 0.286501 0.238889 0.220386
1 0.941667 0.278237 0.116667 0.176309
1 0.354167 0.971074 0.247222 0.057851
1 0.881944 0.097796 0.191667 0.190083
1 0.765278 0.944904 0.208333 0.110193
1 0.800000 0.582645 0.161111 0.162534
1 0.944444 0.068871 0.111111 0.132231
0 0.495833 0.501377 0.286111 0.292011
2 0.133333 0.585399 0.072222 0.079890
