1 0.098261 0.893043 0.193043 0.213913
1 0.917391 0.277391 0.161739 0.266087
1 0.093043 0.429565 0.182609 0.271304
1 0.610435 0.946087 0.285217 0.107826
1 0.766087 0.497391 0.200000 0.292174
1 0.109565 0.679130 0.215652 0.227826
1 0.920000 0.529565 0.160000 0.241739
1 0.741739 0.106087 0.280000 0.205217
1 0.070435 0.107826 0.137391 0.212174
1 0.243478 0.147826 0.233043 0.288696
1 0.896522 0.944348 0.206957 0.111304
1 0.652174 0.305217 0.257391 0.262609
1 0.493913 0.826087 0.274783 0.229565
1 0.324348 0.046957 0.286957 0.090435
0 0.407826 0.513913 0.488696 0.478261
