0 0.371875 0.470833 0.306250 0.429167
1 0.067969 0.889583 0.132812 0.204167
1 0.641406 0.635417 0.185938 0.216667
1 0.490625 0.708333 0.178125 0.220833
1 0.900781 0.422917 0.170313 0.212500
1 0.211719 0.954167 0.160938 0.091667
1 0.964063 0.895833 0.071875 0.208333
1 0.801562 0.879167 0.196875 0.237500
1 0.195312 0.286458 0.140625 0.210417
1 0.935937 0.070833 0.128125 0.137500
1 0.077344 0.088542 0.151562 0.172917
1 0.067969 0.596875 0.132812 0.218750
1 0.568750 0.052083 0.140625 0.100000
1 0.055469 0.300000 0.107813 0.220833
1 0.760938 0.228125 0.159375 0.231250
1 0.307031 0.822917 0.160938 0.183333
1 0.662500 0.871875 0.146875 0.231250
1 0.184375 0.619792 0.134375 0.168750
1 0.528125 0.207292 0.162500 0.206250
1 0.291406 0.057292 0.142187 0.110417
1 0.492188 0.932292 0.165625 0.135417
1 0.467187 0.156250 0.146875 0.191667
1 0.643750 0.359375 0.159375 0.181250
1 0.284375 0.162500 0.168750 0.154167
