0 0.489183 0.445913 0.463942 0.396635
1 0.082933 0.162260 0.161058 0.175481
1 0.947115 0.590144 0.105769 0.194712
1 0.381010 0.762019 0.233173 0.163462
1 0.765625 0.780048 0.223558 0.199519
1 0.323317 0.139423 0.262019 0.206731
1 0.673077 0.223558 0.250000 0.168269
1 0.115385 0.472356 0.216346 0.156250
1 0.697115 0.944712 0.225962 0.110577
1 0.783654 0.587740 0.221154 0.180288
1 0.461538 0.920673 0.216346 0.158654
1 0.705529 0.067308 0.233173 0.129808
2 0.868990 0.506010 0.069712 0.064904
1 0.103365 0.909856 0.201923 0.175481
1 0.588942 0.686298 0.216346 0.170673
1 0.219952 0.903846 0.223558 0.187500
1 0.918269 0.067308 0.163462 0.129808
1 0.051683 0.737981 0.098558 0.173077
1 0.181490 0.288462 0.223558 0.163462
2 0.949519 0.257212 0.096154 0.105769
1 0.030048 0.308894 0.055288 0.146635
1 0.852163 0.375000 0.281250 0.187500
1 0.911058 0.794471 0.168269 0.180288
1 0.310096 0.625000 0.274038 0.105769
