1 0.154167 0.917355 0.202778 0.165289
1 0.876389 0.617080 0.202778 0.203857
1 0.445833 0.103306 0.208333 0.201102
1 0.855556 0.318182 0.205556 0.179063
1 0.038889 0.425620 0.072222 0.195592
1 0.048611 0.219008 0.091667 0.195592
1 0.347222 0.783747 0.227778 0.217631
1 0.129167 0.611570 0.252778 0.231405
1 0.756944 0.588154 0.186111 0.217631
1 0.854167 0.931129 0.191667 0.137741
1 0.623611 0.245179 0.225000 0.220386
1 0.202778 0.146006 0.250000 0.214876
1 0.573611 0.724518 0.225000 0.198347
1 0.965278 0.183196 0.069444 0.239669
1 0.708333 0.074380 0.300000 0.143251
0 0.500000 0.488981 0.333333 0.322314
1 0.748611 0.975207 0.236111 0.049587
