1 0.034722 0.674931 0.063889 0.231405
1 0.909722 0.654270 0.180556 0.195592
1 0.076389 0.899449 0.147222 0.201102
1 0.887500 0.089532 0.213889 0.173554
1 0.269444 0.863636 0.216667 0.250689
1 0.548611 0.922865 0.236111 0.154270
1 0.963889 0.870523 0.072222 0.225895
1 0.616667 0.041322 0.205556 0.077135
1 0.166667 0.155647 0.216667 0.206612
1 0.293056 0.052342 0.225000 0.099174
1 0.776389 0.155647 0.247222 0.212121
1 0.455556 0.750689 0.227778 0.206612
1 0.086111 0.334711 0.166667 0.212121
1 0.186111 0.495868 0.233333 0.198347
1 0.718056 0.344353 0.219444 0.203857
1 0.036111 0.429752 0.066667 0.236915
1 0.794444 0.586777 0.216667 0.231405
1 0.815278 0.852617 0.202778 0.217631
1 0.919444 0.359504 0.161111 0.195592
1 0.950000 0.436639 0.100000 0.234160
2 0.115278 0.618457 0.091667 0.079890
0 0.505556 0.500000 0.388889 0.366391
1 0.823611 0.984848 0.225000 0.030303
2 0.194444 0.984848 0.077778 0.030303
