1 0.472656 0.141667 0.173437 0.200000
1 0.136719 0.909375 0.154688 0.181250
0 0.440625 0.711458 0.318750 0.489583
1 0.043750 0.431250 0.084375 0.191667
1 0.066406 0.681250 0.126562 0.262500
1 0.667188 0.242708 0.162500 0.214583
1 0.233594 0.608333 0.164062 0.191667
1 0.231250 0.168750 0.165625 0.204167
1 0.718750 0.913542 0.200000 0.168750
1 0.907031 0.935417 0.185938 0.129167
1 0.892188 0.520833 0.193750 0.220833
1 0.818750 0.800000 0.153125 0.220833
1 0.954688 0.766667 0.090625 0.216667
1 0.146094 0.057292 0.151562 0.110417
1 0.177344 0.372917 0.167187 0.170833
1 0.767969 0.083333 0.167187 0.162500
1 0.268750 0.362500 0.156250 0.191667
1 0.039062 0.850000 0.075000 0.187500
1 0.541406 0.398958 0.164062 0.206250
1 0.923438 0.284375 0.131250 0.189583
1 0.319531 0.069792 0.151562 0.135417
1 0.399219 0.389583 0.135937 0.208333
1 0.820312 0.322917 0.121875 0.250000
1 0.942187 0.079167 0.115625 0.154167
