1 0.160870 0.104348 0.238261 0.205217
1 0.277391 0.799130 0.245217 0.255652
1 0.065217 0.766957 0.126957 0.246957
1 0.154783 0.323478 0.229565 0.208696
1 0.597391 0.943478 0.245217 0.113043
1 0.933913 0.221739 0.132174 0.262609
1 0.790435 0.499130 0.196522 0.267826
1 0.759130 0.244348 0.224348 0.262609
1 0.113043 0.531304 0.222609 0.210435
1 0.468696 0.787826 0.273043 0.240000
1 0.786087 0.047826 0.240000 0.092174
1 0.235652 0.563478 0.200000 0.229565
1 0.242609 0.972174 0.252174 0.055652
1 0.923478 0.920870 0.153043 0.154783
0 0.502609 0.456522 0.434783 0.387826
2 0.885217 0.798261 0.090435 0.118261
2 0.792174 0.786087 0.092174 0.066087
1 0.833913 0.941739 0.193043 0.116522
