1 0.906944 0.647383 0.186111 0.220386
1 0.037500 0.672176 0.069444 0.247934
1 0.834722 0.453168 0.202778 0.201102
1 0.188889 0.909091 0.222222 0.181818
1 0.401389 0.057851 0.225000 0.110193
1 0.961111 0.377410 0.077778 0.214876
1 0.423611 0.911846 0.219444 0.176309
1 0.119444 0.293388 0.233333 0.283747
1 0.294444 0.749311 0.222222 0.220386
1 0.913889 0.049587 0.172222 0.093664
1 0.762500 0.168044 0.230556 0.231405
1 0.712500 0.761708 0.236111 0.261708
1 0.140278 0.539945 0.213889 0.225895
1 0.322222 0.202479 0.250000 0.223140
1 0.031944 0.915978 0.058333 0.168044
1 0.973611 0.866391 0.052778 0.223140
1 0.026389 0.133609 0.047222 0.261708
2 0.684722 0.045455 0.075000 0.063361
0 0.501389 0.506887 0.402778 0.407713
1 0.025000 0.053719 0.044444 0.101928
