0 0.628906 0.229167 0.467187 0.454167
1 0.382031 0.795833 0.173437 0.225000
1 0.916406 0.256250 0.167187 0.225000
1 0.075781 0.353125 0.148438 0.231250
1 0.134375 0.663542 0.171875 0.197917
1 0.032813 0.836458 0.062500 0.193750
1 0.893750 0.451042 0.190625 0.197917
1 0.065625 0.958333 0.128125 0.083333
1 0.305469 0.613542 0.142187 0.197917
1 0.621094 0.762500 0.160938 0.237500
1 0.160156 0.815625 0.170313 0.197917
1 0.250000 0.330208 0.165625 0.218750
1 0.364063 0.308333 0.150000 0.208333
1 0.869531 0.038542 0.176563 0.072917
1 0.860156 0.889583 0.198437 0.204167
1 0.401562 0.629167 0.162500 0.204167
1 0.128125 0.135417 0.196875 0.204167
1 0.722656 0.495833 0.170313 0.187500
1 0.564063 0.932292 0.165625 0.135417
1 0.024219 0.088542 0.045312 0.152083
1 0.985938 0.083333 0.028125 0.162500
1 0.598437 0.535417 0.140625 0.187500
1 0.492969 0.414583 0.120313 0.187500
1 0.294531 0.094792 0.157812 0.185417
1 0.732812 0.787500 0.100000 0.195833
