1 0.912500 0.640496 0.175000 0.250689
1 0.776389 0.913223 0.225000 0.173554
1 0.820833 0.119835 0.252778 0.234160
1 0.055556 0.942149 0.105556 0.115702
1 0.962500 0.899449 0.075000 0.201102
1 0.136111 0.253444 0.222222 0.231405
1 0.222222 0.756198 0.222222 0.239669
1 0.704167 0.709366 0.241667 0.234160
1 0.298611 0.187328 0.269444 0.264463
1 0.841667 0.385675 0.161111 0.280992
1 0.030556 0.691460 0.055556 0.280992
1 0.638889 0.289256 0.238889 0.231405
1 0.961111 0.045455 0.077778 0.085399
0 0.495833 0.571625 0.391667 0.487603
