0 0.373437 0.730208 0.362500 0.406250
1 0.289062 0.323958 0.146875 0.214583
1 0.911719 0.697917 0.148438 0.195833
1 0.653906 0.751042 0.179688 0.222917
1 0.689844 0.571875 0.167187 0.214583
1 0.148438 0.351042 0.153125 0.218750
1 0.809375 0.067708 0.153125 0.131250
1 0.207813 0.860417 0.156250 0.187500
1 0.831250 0.303125 0.153125 0.193750
1 0.057813 0.914583 0.112500 0.170833
1 0.089063 0.697917 0.175000 0.241667
1 0.490625 0.937500 0.168750 0.125000
1 0.196094 0.093750 0.151562 0.183333
1 0.360938 0.148958 0.171875 0.243750
1 0.211719 0.511458 0.160938 0.193750
1 0.890625 0.916667 0.193750 0.166667
1 0.664844 0.920833 0.157812 0.158333
1 0.968750 0.155208 0.062500 0.214583
1 0.575000 0.062500 0.162500 0.120833
1 0.615625 0.230208 0.150000 0.193750
1 0.973437 0.372917 0.053125 0.208333
1 0.976562 0.818750 0.046875 0.212500
1 0.501563 0.318750 0.143750 0.212500
1 0.896875 0.263542 0.153125 0.193750
1 0.978125 0.581250 0.043750 0.212500
1 0.457031 0.035417 0.151562 0.066667
1 0.043750 0.053125 0.084375 0.102083
1 0.030469 0.242708 0.057813 0.193750
1 0.252344 0.980208 0.173437 0.039583
1 0.773438 0.743750 0.071875 0.316667
