0 0.549219 0.218750 0.373437 0.420833
1 0.638281 0.516667 0.164062 0.212500
1 0.445312 0.838542 0.153125 0.206250
1 0.076563 0.069792 0.146875 0.135417
1 0.353906 0.336458 0.148438 0.181250
1 0.764062 0.675000 0.175000 0.204167
1 0.363281 0.672917 0.151562 0.187500
1 0.610938 0.776042 0.190625 0.252083
1 0.281250 0.500000 0.175000 0.200000
1 0.082031 0.260417 0.160938 0.229167
1 0.128125 0.629167 0.190625 0.225000
1 0.058594 0.442708 0.114062 0.227083
1 0.893750 0.247917 0.178125 0.216667
1 0.204687 0.745833 0.171875 0.204167
1 0.310156 0.135417 0.185938 0.241667
1 0.744531 0.328125 0.154688 0.214583
1 0.298438 0.918750 0.168750 0.162500
1 0.873437 0.903125 0.168750 0.193750
1 0.903125 0.068750 0.178125 0.133333
1 0.132031 0.916667 0.117188 0.166667
1 0.914844 0.784375 0.154688 0.193750
1 0.037500 0.816667 0.071875 0.179167
2 0.028906 0.968750 0.051562 0.062500
1 0.967969 0.469792 0.064062 0.206250
1 0.830469 0.484375 0.182812 0.227083
1 0.764062 0.932292 0.196875 0.135417
1 0.557813 0.970833 0.146875 0.058333
