1 0.073611 0.388430 0.141667 0.236915
1 0.926389 0.230028 0.147222 0.261708
1 0.773611 0.610193 0.247222 0.250689
1 0.051389 0.870523 0.097222 0.247934
1 0.130556 0.732782 0.227778 0.242424
1 0.947222 0.669421 0.105556 0.236915
1 0.111111 0.063361 0.216667 0.121212
1 0.381944 0.269972 0.213889 0.220386
1 0.130556 0.231405 0.255556 0.214876
1 0.523611 0.141873 0.230556 0.217631
1 0.277778 0.626722 0.222222 0.250689
1 0.502778 0.913223 0.227778 0.173554
1 0.740278 0.917355 0.263889 0.165289
1 0.341667 0.827824 0.227778 0.239669
1 0.856944 0.822314 0.280556 0.234160
1 0.933333 0.071625 0.133333 0.137741
1 0.170833 0.933884 0.180556 0.132231
1 0.652778 0.049587 0.222222 0.093664
1 0.308333 0.976584 0.238889 0.046832
0 0.509722 0.505510 0.313889 0.349862
1 0.795833 0.019284 0.252778 0.033058
1 0.938889 0.928375 0.122222 0.143251
1 0.706944 0.209366 0.213889 0.264463
1 0.601389 0.329201 0.241667 0.272727
