1 0.403846 0.724760 0.225962 0.213942
0 0.664663 0.177885 0.382212 0.350962
1 0.359375 0.302885 0.151442 0.206731
1 0.734375 0.615385 0.175481 0.201923
1 0.876202 0.341346 0.165865 0.173077
1 0.919471 0.513221 0.161058 0.170673
1 0.942308 0.717548 0.115385 0.209135
1 0.064904 0.546875 0.125000 0.199519
1 0.620192 0.923077 0.201923 0.153846
1 0.320913 0.522837 0.185096 0.209135
1 0.629808 0.430288 0.168269 0.211538
1 0.228365 0.096154 0.221154 0.187500
1 0.477163 0.483173 0.156250 0.225962
1 0.861779 0.927885 0.180288 0.144231
1 0.186298 0.348558 0.213942 0.274038
1 0.084135 0.774038 0.163462 0.201923
1 0.111779 0.878606 0.189904 0.233173
1 0.121394 0.102163 0.170673 0.199519
1 0.141827 0.587740 0.187500 0.209135
1 0.045673 0.318510 0.086538 0.237981
1 0.192308 0.793269 0.187500 0.225962
1 0.829327 0.582933 0.197115 0.223558
2 0.320913 0.882212 0.084135 0.110577
1 0.526442 0.340144 0.158654 0.233173
