0 0.775000 0.846875 0.315625 0.306250
1 0.095312 0.358333 0.171875 0.208333
1 0.496094 0.444792 0.167187 0.222917
1 0.537500 0.893750 0.168750 0.212500
1 0.725000 0.195833 0.178125 0.229167
1 0.519531 0.106250 0.176563 0.208333
1 0.930469 0.566667 0.135937 0.237500
1 0.954688 0.110417 0.090625 0.216667
1 0.496094 0.632292 0.167187 0.227083
1 0.421875 0.273958 0.156250 0.197917
1 0.764062 0.587500 0.156250 0.212500
1 0.413281 0.765625 0.185938 0.197917
1 0.826562 0.372917 0.193750 0.229167
1 0.281250 0.472917 0.209375 0.270833
1 0.653906 0.407292 0.167187 0.222917
1 0.337500 0.948958 0.206250 0.102083
1 0.165625 0.928125 0.162500 0.143750
1 0.196094 0.691667 0.179688 0.191667
1 0.198437 0.809375 0.193750 0.222917
1 0.354687 0.091667 0.171875 0.179167
1 0.235937 0.220833 0.159375 0.237500
