1 0.500000 0.792011 0.194444 0.190083
1 0.294444 0.724518 0.194444 0.198347
1 0.083333 0.774105 0.161111 0.220386
1 0.219444 0.424242 0.188889 0.214876
1 0.941667 0.541322 0.116667 0.239669
1 0.781944 0.093664 0.236111 0.181818
1 0.683333 0.260331 0.177778 0.184573
1 0.325000 0.187328 0.183333 0.181818
1 0.565278 0.942149 0.186111 0.115702
1 0.955556 0.068871 0.088889 0.132231
1 0.100000 0.516529 0.194444 0.234160
1 0.108333 0.241047 0.211111 0.234160
1 0.780556 0.865014 0.227778 0.220386
1 0.948611 0.253444 0.102778 0.209366
1 0.788889 0.512397 0.177778 0.247934
0 0.506944 0.502755 0.397222 0.377410
