1 0.120833 0.709366 0.236111 0.201102
1 0.902778 0.512397 0.194444 0.236915
1 0.787500 0.224518 0.230556 0.228650
1 0.062500 0.425620 0.119444 0.201102
1 0.904167 0.775482 0.191667 0.250689
1 0.558333 0.924242 0.216667 0.151515
1 0.201389 0.493113 0.219444 0.280992
1 0.188889 0.129477 0.177778 0.253444
1 0.050000 0.201102 0.094444 0.242424
1 0.140278 0.926997 0.236111 0.146006
1 0.370833 0.140496 0.202778 0.247934
1 0.894444 0.330579 0.211111 0.203857
2 0.073611 0.077135 0.102778 0.104683
1 0.455556 0.848485 0.222222 0.198347
1 0.365278 0.964187 0.202778 0.071625
1 0.940278 0.034435 0.119444 0.063361
2 0.597222 0.323691 0.100000 0.090909
2 0.827778 0.975207 0.133333 0.049587
2 0.770833 0.783747 0.086111 0.079890
0 0.508333 0.504132 0.388889 0.325069
1 0.363889 0.049587 0.222222 0.093664
