1 0.330556 0.943526 0.205556 0.112948
1 0.919444 0.093664 0.161111 0.181818
1 0.093056 0.282369 0.180556 0.223140
1 0.220833 0.827824 0.197222 0.206612
1 0.118056 0.497245 0.213889 0.184573
1 0.205556 0.640496 0.261111 0.190083
1 0.062500 0.763085 0.119444 0.220386
1 0.293056 0.056474 0.219444 0.107438
1 0.929167 0.289256 0.141667 0.203857
1 0.852778 0.849862 0.238889 0.206612
1 0.806944 0.625344 0.219444 0.258953
1 0.627778 0.220386 0.250000 0.236915
1 0.252778 0.376033 0.233333 0.239669
1 0.483333 0.818182 0.211111 0.214876
1 0.344444 0.245179 0.238889 0.209366
1 0.918056 0.961433 0.158333 0.077135
0 0.498611 0.535813 0.391667 0.382920
