1 0.134722 0.075758 0.219444 0.146006
1 0.063889 0.931129 0.122222 0.137741
1 0.795833 0.073003 0.219444 0.140496
1 0.906944 0.242424 0.186111 0.214876
1 0.916667 0.453168 0.166667 0.245179
1 0.201389 0.560606 0.219444 0.250689
1 0.216667 0.887052 0.222222 0.176309
1 0.756944 0.440771 0.180556 0.231405
1 0.134722 0.253444 0.263889 0.225895
1 0.027778 0.517906 0.050000 0.225895
1 0.708333 0.907713 0.266667 0.179063
1 0.159722 0.717631 0.241667 0.201102
1 0.363889 0.055096 0.261111 0.104683
1 0.380556 0.768595 0.238889 0.192837
1 0.402778 0.931129 0.272222 0.137741
1 0.673611 0.239669 0.241667 0.220386
1 0.731944 0.720386 0.291667 0.217631
1 0.559722 0.108815 0.219444 0.212121
1 0.855556 0.604683 0.216667 0.212121
1 0.808333 0.976584 0.238889 0.046832
1 0.366667 0.176309 0.277778 0.203857
1 0.290278 0.307163 0.230556 0.261708
0 0.494444 0.506887 0.400000 0.413223
