1 0.431945 0.117757 0.271783 0.235514
1 0.675368 0.042164 0.274851 0.081488
1 0.248401 0.370938 0.280087 0.243752
1 0.0922943 0.142582 0.18105 0.252519
1 0.784094 0.396263 0.239767 0.254899
1 0.379228 0.90471 0.252903 0.19058
1 0.134481 0.0339068 0.268962 0.0660944
1 0.044717 0.876966 0.0872378 0.244825
1 0.882786 0.600318 0.234428 0.250101
1 0.965607 0.384606 0.068787 0.234178
2 0.240631 0.210982 0.0806695 0.0870476
1 0.138541 0.958166 0.212379 0.0835692
2 0.219415 0.884916 0.0755714 0.0778383
0 0.510122 0.510187 0.328738 0.365559
2 0.202837 0.797734 0.111533 0.113063
2 0.715277 0.17405 0.0943027 0.0794596
