0 0.461719 0.525000 0.301563 0.375000
1 0.671875 0.676042 0.168750 0.214583
1 0.212500 0.084375 0.171875 0.164583
1 0.488281 0.239583 0.164062 0.187500
1 0.757812 0.928125 0.134375 0.143750
1 0.607031 0.951042 0.151562 0.097917
1 0.075781 0.429167 0.148438 0.191667
1 0.683594 0.062500 0.164062 0.120833
1 0.687500 0.271875 0.175000 0.264583
1 0.351562 0.203125 0.159375 0.210417
1 0.936719 0.912500 0.126562 0.170833
1 0.423438 0.836458 0.190625 0.227083
1 0.568750 0.809375 0.146875 0.197917
1 0.235937 0.503125 0.150000 0.210417
1 0.828906 0.478125 0.173437 0.289583
1 0.032031 0.231250 0.060937 0.187500
1 0.478125 0.071875 0.181250 0.139583
1 0.192969 0.710417 0.148438 0.208333
1 0.331250 0.753125 0.175000 0.231250
1 0.065625 0.038542 0.128125 0.072917
1 0.264844 0.962500 0.167187 0.075000
1 0.192969 0.255208 0.173437 0.214583
1 0.870313 0.167708 0.168750 0.218750
1 0.913281 0.253125 0.145313 0.227083
1 0.233594 0.872917 0.151562 0.158333
