1 0.116667 0.100551 0.227778 0.195592
1 0.943056 0.173554 0.113889 0.236915
1 0.601389 0.202479 0.202778 0.212121
1 0.476389 0.880165 0.208333 0.234160
1 0.922222 0.603306 0.155556 0.269972
1 0.661111 0.765840 0.233333 0.258953
1 0.184722 0.351240 0.202778 0.256198
1 0.327778 0.223140 0.233333 0.225895
1 0.248611 0.634986 0.241667 0.283747
1 0.875000 0.856749 0.250000 0.225895
1 0.763889 0.209366 0.227778 0.242424
1 0.597222 0.027548 0.233333 0.049587
1 0.056944 0.632231 0.108333 0.300275
2 0.765278 0.033058 0.119444 0.060606
1 0.977778 0.391185 0.044444 0.209366
2 0.808333 0.628099 0.105556 0.093664
2 0.037500 0.301653 0.069444 0.101928
1 0.269444 0.016529 0.211111 0.027548
0 0.502778 0.504132 0.405556 0.413223
