1 0.844348 0.306957 0.255652 0.297391
1 0.948696 0.900870 0.102609 0.198261
1 0.051304 0.873913 0.099130 0.245217
1 0.375652 0.225217 0.246957 0.259130
1 0.846957 0.064348 0.285217 0.125217
1 0.736522 0.742609 0.248696 0.288696
1 0.144348 0.142609 0.250435 0.250435
1 0.626087 0.193043 0.246957 0.243478
1 0.875652 0.614783 0.248696 0.266087
1 0.127826 0.469565 0.252174 0.288696
1 0.410435 0.901739 0.274783 0.196522
1 0.133913 0.926957 0.264348 0.142609
1 0.500870 0.069565 0.278261 0.135652
0 0.436522 0.571304 0.448696 0.523478
