0 0.465144 0.257212 0.266827 0.408654
1 0.462740 0.938702 0.204327 0.122596
1 0.106971 0.179087 0.161058 0.185096
1 0.760817 0.530048 0.204327 0.213942
1 0.274038 0.646635 0.187500 0.221154
1 0.692308 0.118990 0.211538 0.223558
2 0.402644 0.527644 0.079327 0.088942
1 0.171875 0.449519 0.209135 0.211538
1 0.626202 0.692308 0.209135 0.259615
1 0.246394 0.810096 0.180288 0.211538
1 0.930288 0.258413 0.134615 0.252404
1 0.257212 0.230769 0.168269 0.298077
1 0.712740 0.858173 0.213942 0.235577
1 0.068510 0.875000 0.132212 0.216346
1 0.840144 0.733173 0.170673 0.254808
1 0.282452 0.030048 0.141827 0.055288
1 0.286058 0.963942 0.168269 0.072115
1 0.853365 0.975962 0.187500 0.048077
1 0.093750 0.712740 0.173077 0.194712
