0 0.409375 0.820833 0.337500 0.358333
1 0.150000 0.537500 0.184375 0.204167
1 0.196875 0.770833 0.162500 0.216667
1 0.617188 0.625000 0.137500 0.212500
1 0.070312 0.896875 0.137500 0.193750
1 0.623437 0.277083 0.181250 0.266667
1 0.925000 0.395833 0.146875 0.237500
1 0.921875 0.881250 0.156250 0.233333
1 0.321094 0.562500 0.151562 0.204167
1 0.625781 0.901042 0.148438 0.197917
1 0.862500 0.220833 0.187500 0.254167
1 0.975000 0.617708 0.050000 0.206250
1 0.430469 0.381250 0.210938 0.283333
1 0.021875 0.719792 0.040625 0.206250
1 0.269531 0.031250 0.189062 0.058333
1 0.225000 0.941667 0.137500 0.116667
1 0.477344 0.577083 0.148438 0.208333
