0 0.453125 0.775240 0.377404 0.444712
1 0.698317 0.822115 0.170673 0.153846
1 0.240385 0.698317 0.158654 0.185096
1 0.704327 0.634615 0.177885 0.187500
1 0.319712 0.152644 0.182692 0.218750
1 0.594952 0.204327 0.185096 0.206731
1 0.153846 0.850962 0.153846 0.197115
2 0.531250 0.034856 0.076923 0.064904
1 0.963942 0.271635 0.072115 0.197115
1 0.140625 0.539663 0.146635 0.213942
1 0.217548 0.394231 0.213942 0.197115
1 0.939904 0.050481 0.120192 0.096154
1 0.401442 0.342548 0.177885 0.209135
1 0.933894 0.820913 0.132212 0.218750
1 0.051683 0.777644 0.098558 0.204327
1 0.593750 0.439904 0.187500 0.245192
2 0.361779 0.548077 0.112981 0.120192
1 0.043269 0.248798 0.081731 0.223558
1 0.829327 0.448317 0.187500 0.237981
1 0.893029 0.969952 0.156250 0.060096
1 0.724760 0.099760 0.189904 0.194712
1 0.888221 0.885817 0.122596 0.170673
1 0.973558 0.599760 0.052885 0.228365
1 0.842548 0.176683 0.209135 0.223558
1 0.248798 0.974760 0.242788 0.050481
