1 0.937500 0.193510 0.125000 0.180288
0 0.661058 0.460337 0.447115 0.305288
1 0.423077 0.882212 0.221154 0.173077
1 0.646635 0.852163 0.216346 0.165865
1 0.102163 0.486779 0.199519 0.161058
1 0.944712 0.459135 0.110577 0.187500
1 0.317308 0.478365 0.230769 0.173077
1 0.795673 0.943510 0.235577 0.112981
1 0.865385 0.759615 0.264423 0.187500
1 0.674279 0.043269 0.218750 0.081731
1 0.474760 0.085337 0.209135 0.141827
1 0.341346 0.671875 0.221154 0.151442
1 0.157452 0.067308 0.223558 0.129808
1 0.667067 0.688702 0.218750 0.170673
1 0.306490 0.068510 0.218750 0.132212
1 0.063702 0.235577 0.122596 0.168269
1 0.735577 0.203125 0.245192 0.151442
1 0.266827 0.362981 0.259615 0.173077
1 0.161058 0.754808 0.206731 0.139423
1 0.097356 0.806490 0.189904 0.165865
1 0.204327 0.948317 0.216346 0.103365
1 0.478365 0.966346 0.201923 0.067308
1 0.822115 0.610577 0.187500 0.177885
