1 0.276389 0.640496 0.186111 0.201102
1 0.505556 0.158402 0.188889 0.195592
1 0.209722 0.885675 0.197222 0.195592
1 0.169444 0.077135 0.183333 0.148760
1 0.616667 0.889807 0.211111 0.192837
1 0.720833 0.623967 0.180556 0.190083
1 0.922222 0.247934 0.155556 0.242424
1 0.080556 0.225895 0.155556 0.214876
1 0.411111 0.911846 0.183333 0.176309
1 0.955556 0.538567 0.088889 0.212121
1 0.084722 0.614325 0.163889 0.181818
1 0.954167 0.860882 0.091667 0.190083
1 0.779167 0.134986 0.180556 0.165289
1 0.765278 0.415978 0.208333 0.203857
1 0.920833 0.061983 0.158333 0.118457
1 0.301389 0.220386 0.219444 0.220386
1 0.688889 0.088154 0.194444 0.170799
1 0.888889 0.964187 0.200000 0.071625
1 0.147222 0.440771 0.222222 0.220386
0 0.504167 0.495868 0.297222 0.280992
1 0.470833 0.732782 0.219444 0.187328
1 0.026389 0.858127 0.047222 0.195592
2 0.041667 0.406336 0.066667 0.057851
