0 0.435156 0.429167 0.339062 0.429167
1 0.363281 0.082292 0.160938 0.160417
1 0.489844 0.896875 0.189062 0.206250
1 0.925000 0.716667 0.150000 0.204167
1 0.749219 0.260417 0.157812 0.200000
1 0.087500 0.159375 0.171875 0.239583
1 0.050781 0.417708 0.098437 0.210417
1 0.290625 0.705208 0.196875 0.239583
1 0.707031 0.658333 0.167187 0.212500
1 0.092969 0.616667 0.182812 0.212500
1 0.607031 0.245833 0.176563 0.200000
1 0.748437 0.842708 0.165625 0.202083
1 0.226562 0.491667 0.153125 0.187500
1 0.798438 0.468750 0.190625 0.212500
1 0.902344 0.931250 0.185938 0.137500
1 0.480469 0.698958 0.157812 0.172917
1 0.896094 0.167708 0.151562 0.227083
1 0.307031 0.922917 0.170313 0.154167
1 0.847656 0.321875 0.173437 0.210417
1 0.978906 0.565625 0.042188 0.193750
1 0.964844 0.787500 0.070312 0.175000
1 0.164844 0.948958 0.142187 0.102083
1 0.572656 0.687500 0.120313 0.187500
1 0.489063 0.082292 0.121875 0.160417
1 0.611719 0.086458 0.135937 0.168750
