0 0.492188 0.664583 0.390625 0.520833
1 0.894531 0.500000 0.182812 0.225000
1 0.297656 0.047917 0.192188 0.091667
1 0.724219 0.556250 0.167187 0.212500
1 0.052344 0.314583 0.101562 0.204167
1 0.447656 0.159375 0.192188 0.239583
2 0.935937 0.910417 0.056250 0.070833
1 0.856250 0.715625 0.168750 0.214583
1 0.138281 0.389583 0.139063 0.187500
1 0.679688 0.251042 0.178125 0.289583
1 0.507031 0.048958 0.167187 0.093750
1 0.073438 0.551042 0.143750 0.206250
2 0.177344 0.900000 0.060937 0.075000
1 0.790625 0.091667 0.140625 0.179167
1 0.077344 0.748958 0.151562 0.239583
1 0.687500 0.896875 0.159375 0.206250
1 0.129688 0.055208 0.128125 0.106250
1 0.955469 0.113542 0.089063 0.193750
1 0.044531 0.847917 0.085938 0.204167
1 0.270313 0.580208 0.162500 0.214583
1 0.213281 0.723958 0.117188 0.156250
1 0.267188 0.890625 0.128125 0.202083
1 0.742188 0.793750 0.134375 0.208333
