1 0.927778 0.918733 0.144444 0.157025
1 0.915278 0.199725 0.169444 0.245179
1 0.238889 0.892562 0.238889 0.214876
1 0.923611 0.654270 0.152778 0.206612
1 0.538889 0.774105 0.227778 0.209366
1 0.659722 0.911846 0.241667 0.176309
1 0.772222 0.735537 0.227778 0.225895
1 0.276389 0.511019 0.158333 0.267218
1 0.263889 0.257576 0.261111 0.239669
1 0.870833 0.046832 0.236111 0.088154
1 0.056944 0.910468 0.108333 0.179063
1 0.572222 0.100551 0.227778 0.195592
1 0.408333 0.964187 0.233333 0.071625
1 0.105556 0.031680 0.205556 0.057851
1 0.125000 0.516529 0.222222 0.217631
1 0.136111 0.699725 0.222222 0.209366
0 0.516667 0.491736 0.344444 0.355372
