0 0.295312 0.364583 0.359375 0.445833
1 0.157812 0.835417 0.165625 0.212500
1 0.927344 0.434375 0.145313 0.235417
1 0.673438 0.212500 0.168750 0.216667
1 0.551562 0.568750 0.168750 0.208333
1 0.820312 0.601042 0.162500 0.189583
1 0.489844 0.844792 0.185938 0.206250
1 0.646094 0.962500 0.154688 0.075000
1 0.224219 0.097917 0.167187 0.191667
1 0.034375 0.911458 0.065625 0.177083
2 0.551562 0.314583 0.059375 0.079167
1 0.717969 0.465625 0.167187 0.218750
2 0.981250 0.265625 0.037500 0.106250
1 0.814844 0.184375 0.170313 0.172917
1 0.758594 0.856250 0.160938 0.233333
1 0.058594 0.154167 0.114062 0.208333
1 0.386719 0.087500 0.139063 0.170833
1 0.687500 0.085417 0.175000 0.166667
1 0.152344 0.553125 0.167187 0.197917
1 0.979688 0.923958 0.040625 0.152083
1 0.226562 0.617708 0.162500 0.168750
1 0.857031 0.912500 0.164062 0.175000
1 0.017188 0.607292 0.031250 0.193750
1 0.232031 0.937500 0.176563 0.125000
1 0.676562 0.716667 0.187500 0.237500
1 0.469531 0.723958 0.185938 0.181250
1 0.334375 0.754167 0.125000 0.195833
