0 0.584135 0.455529 0.456731 0.439904
1 0.378606 0.888221 0.170673 0.194712
1 0.182692 0.888221 0.192308 0.209135
1 0.561298 0.840144 0.185096 0.223558
1 0.949519 0.832933 0.100962 0.218750
1 0.889423 0.052885 0.163462 0.100962
1 0.070913 0.665865 0.137019 0.221154
1 0.350962 0.324519 0.168269 0.235577
1 0.895433 0.245192 0.204327 0.250000
1 0.128606 0.240385 0.209135 0.230769
1 0.188702 0.492788 0.209135 0.230769
1 0.390625 0.052885 0.165865 0.100962
1 0.272837 0.138221 0.175481 0.218750
1 0.056490 0.850962 0.108173 0.192308
1 0.118990 0.091346 0.151442 0.177885
1 0.926683 0.395433 0.141827 0.204327
1 0.335337 0.629808 0.194712 0.182692
1 0.485577 0.170673 0.177885 0.168269
1 0.850962 0.671875 0.201923 0.213942
1 0.280048 0.501202 0.180288 0.223558
1 0.663462 0.143029 0.177885 0.204327
1 0.265625 0.974760 0.209135 0.050481
1 0.717548 0.046875 0.156250 0.088942
0 0.784856 0.942308 0.290865 0.115385
