1 0.727778 0.060606 0.216667 0.115702
1 0.733333 0.928375 0.238889 0.143251
1 0.826389 0.585399 0.236111 0.228650
1 0.819444 0.196970 0.200000 0.195592
1 0.063889 0.495868 0.122222 0.231405
1 0.468056 0.888430 0.225000 0.223140
1 0.051389 0.869146 0.097222 0.195592
1 0.965278 0.216253 0.069444 0.239669
1 0.044444 0.068871 0.083333 0.132231
1 0.972222 0.501377 0.055556 0.236915
1 0.148611 0.174931 0.213889 0.234160
1 0.405556 0.232782 0.222222 0.234160
1 0.133333 0.699725 0.233333 0.220386
1 0.706944 0.358127 0.236111 0.258953
1 0.340278 0.060606 0.197222 0.115702
1 0.195833 0.960055 0.236111 0.079890
1 0.459722 0.027548 0.219444 0.049587
1 0.219444 0.391185 0.194444 0.203857
1 0.958333 0.044077 0.083333 0.082645
1 0.654167 0.750689 0.225000 0.212121
1 0.977778 0.765840 0.044444 0.225895
2 0.308333 0.953168 0.072222 0.071625
0 0.502778 0.505510 0.427778 0.399449
