0 0.772972 0.586581 0.352514 0.501281
1 0.257527 0.29234 0.161056 0.231457
1 0.227126 0.0754921 0.169838 0.15081
1 0.651287 0.101696 0.191006 0.203337
1 0.568746 0.309069 0.185654 0.235604
1 0.381888 0.658158 0.193132 0.209811
1 0.92163 0.33222 0.156527 0.248301
1 0.537096 0.539952 0.181033 0.22445
1 0.272711 0.848911 0.195077 0.2506
1 0.600268 0.796163 0.221005 0.254652
1 0.774345 0.295825 0.20079 0.212972
1 0.948483 0.884284 0.103033 0.223827
1 0.979937 0.114437 0.0400284 0.225684
1 0.331181 0.971017 0.165768 0.0576293
1 0.875373 0.848445 0.173306 0.246024
1 0.0200867 0.232103 0.0379937 0.242017
