1 0.946087 0.568696 0.107826 0.222609
1 0.800870 0.886957 0.248696 0.222609
1 0.111304 0.314783 0.219130 0.226087
1 0.146087 0.571304 0.212174 0.255652
1 0.969565 0.774783 0.060870 0.165217
1 0.771304 0.357391 0.213913 0.248696
1 0.781739 0.639130 0.224348 0.217391
1 0.251304 0.064348 0.245217 0.125217
1 0.466087 0.874783 0.240000 0.208696
1 0.064348 0.049565 0.125217 0.095652
1 0.649565 0.203478 0.224348 0.226087
1 0.906087 0.345217 0.184348 0.231304
1 0.332174 0.225217 0.233043 0.220870
1 0.963478 0.943478 0.073043 0.113043
0 0.470435 0.520000 0.440000 0.441739
1 0.970435 0.133913 0.059130 0.173913
