1 0.737500 0.278237 0.197222 0.203857
1 0.640278 0.099174 0.208333 0.192837
1 0.097222 0.333333 0.188889 0.198347
1 0.779167 0.084022 0.197222 0.162534
1 0.934722 0.461433 0.130556 0.184573
1 0.804167 0.516529 0.158333 0.195592
1 0.154167 0.506887 0.230556 0.247934
1 0.056944 0.143251 0.108333 0.209366
1 0.168056 0.061983 0.202778 0.118457
1 0.055556 0.862259 0.105556 0.236915
1 0.137500 0.745179 0.208333 0.206612
1 0.263889 0.961433 0.227778 0.077135
1 0.851389 0.845730 0.202778 0.214876
1 0.956944 0.246556 0.086111 0.206612
1 0.390278 0.042700 0.230556 0.079890
1 0.306944 0.805785 0.208333 0.217631
1 0.490278 0.968320 0.225000 0.063361
1 0.730556 0.763085 0.205556 0.231405
1 0.931944 0.035813 0.130556 0.066116
2 0.888889 0.296143 0.094444 0.085399
1 0.916667 0.699725 0.166667 0.209366
1 0.466667 0.830579 0.205556 0.201102
1 0.820833 0.984848 0.219444 0.030303
1 0.977778 0.764463 0.044444 0.206612
1 0.043056 0.019284 0.080556 0.033058
0 0.494444 0.497245 0.483333 0.570248
