0 0.577984 0.790468 0.433524 0.419064
1 0.914378 0.880201 0.171244 0.219964
1 0.709063 0.523622 0.204172 0.222578
1 0.232316 0.630747 0.232178 0.234731
1 0.476078 0.295104 0.180888 0.206888
1 0.268439 0.208714 0.179636 0.223471
1 0.104291 0.302528 0.208583 0.266463
1 0.582406 0.151234 0.177502 0.219991
1 0.397133 0.440317 0.21559 0.266534
1 0.900469 0.0673844 0.182337 0.131583
1 0.395577 0.0597997 0.214337 0.117068
1 0.111335 0.0729403 0.207129 0.144184
1 0.187315 0.866555 0.207249 0.218213
1 0.718195 0.163104 0.190772 0.23314
1 0.375317 0.87196 0.192414 0.240361
1 0.0469891 0.8647 0.0924289 0.23458
1 0.854582 0.392789 0.244477 0.172564
1 0.972181 0.512627 0.0556378 0.233515
1 0.839347 0.352807 0.232 0.257701
1 0.980961 0.777309 0.0379204 0.228291
