1 0.265217 0.635652 0.227826 0.276522
1 0.087826 0.800000 0.172174 0.292174
1 0.920870 0.318261 0.158261 0.264348
1 0.380000 0.194783 0.342609 0.260870
1 0.804348 0.632174 0.227826 0.259130
1 0.723478 0.230435 0.260870 0.241739
1 0.129565 0.376522 0.255652 0.245217
1 0.514783 0.832174 0.278261 0.286957
1 0.841739 0.863478 0.316522 0.269565
1 0.058261 0.114783 0.113043 0.226087
1 0.953913 0.658261 0.092174 0.262609
1 0.263478 0.876522 0.255652 0.243478
1 0.885217 0.113043 0.229565 0.212174
0 0.543478 0.502609 0.405217 0.441739
