1 0.564904 0.897837 0.163462 0.199519
1 0.691106 0.758413 0.180288 0.213942
1 0.399038 0.733173 0.192308 0.211538
0 0.174279 0.555288 0.343750 0.451923
1 0.579327 0.185096 0.192308 0.216346
1 0.414663 0.955529 0.185096 0.088942
1 0.073317 0.849760 0.141827 0.223558
1 0.710337 0.533654 0.185096 0.221154
1 0.171875 0.931490 0.180288 0.137019
1 0.854567 0.861779 0.180288 0.223558
1 0.388221 0.340144 0.185096 0.237981
1 0.062500 0.245192 0.120192 0.221154
1 0.961538 0.707933 0.076923 0.233173
1 0.239183 0.257212 0.156250 0.201923
1 0.782452 0.350962 0.185096 0.225962
1 0.936298 0.329327 0.127404 0.216346
1 0.884615 0.055288 0.177885 0.105769
1 0.691106 0.362981 0.213942 0.216346
1 0.920673 0.205529 0.158654 0.189904
1 0.679087 0.045673 0.189904 0.086538
1 0.185096 0.108173 0.221154 0.144231
1 0.390625 0.105769 0.185096 0.206731
1 0.504808 0.039663 0.144231 0.074519
2 0.292067 0.715144 0.064904 0.079327
