0 0.218750 0.614583 0.381250 0.470833
1 0.917969 0.751042 0.164062 0.214583
1 0.800000 0.938542 0.162500 0.122917
1 0.589844 0.319792 0.157812 0.206250
1 0.919531 0.332292 0.160938 0.193750
1 0.349219 0.946875 0.164062 0.106250
1 0.778125 0.760417 0.159375 0.200000
0 0.364063 0.062500 0.262500 0.120833
1 0.607812 0.530208 0.150000 0.210417
1 0.764844 0.301042 0.145313 0.210417
1 0.790625 0.571875 0.153125 0.193750
2 0.417969 0.285417 0.060937 0.079167
1 0.074219 0.445833 0.145313 0.241667
1 0.517188 0.431250 0.150000 0.204167
1 0.039062 0.927083 0.075000 0.145833
1 0.425781 0.773958 0.170313 0.235417
1 0.050781 0.111458 0.098437 0.202083
1 0.938281 0.542708 0.123438 0.202083
1 0.525000 0.890625 0.196875 0.214583
1 0.108594 0.060417 0.164062 0.116667
1 0.634375 0.066667 0.137500 0.129167
1 0.307812 0.235417 0.184375 0.245833
1 0.057813 0.765625 0.112500 0.214583
1 0.520312 0.140625 0.150000 0.227083
1 0.634375 0.655208 0.146875 0.193750
1 0.210156 0.108333 0.135937 0.162500
1 0.959375 0.163542 0.081250 0.177083
1 0.783594 0.058333 0.164062 0.112500
