1 0.445312 0.403125 0.171875 0.197917
0 0.678125 0.876042 0.334375 0.247917
1 0.871875 0.709375 0.159375 0.202083
1 0.914844 0.898958 0.170313 0.202083
1 0.078125 0.110417 0.153125 0.212500
1 0.603906 0.400000 0.173437 0.220833
1 0.388281 0.193750 0.201563 0.216667
2 0.403125 0.045833 0.090625 0.087500
1 0.936719 0.272917 0.126562 0.225000
1 0.798438 0.078125 0.159375 0.152083
1 0.342187 0.916667 0.165625 0.166667
1 0.252344 0.079167 0.189062 0.154167
1 0.259375 0.477083 0.187500 0.245833
1 0.150000 0.743750 0.162500 0.237500
1 0.636719 0.119792 0.179688 0.227083
1 0.722656 0.623958 0.164062 0.247917
1 0.439844 0.730208 0.173437 0.260417
1 0.949219 0.116667 0.098437 0.195833
1 0.900781 0.492708 0.157812 0.227083
1 0.154688 0.926042 0.181250 0.147917
1 0.526563 0.708333 0.168750 0.195833
1 0.721094 0.262500 0.189062 0.216667
1 0.049219 0.522917 0.095312 0.225000
2 0.013281 0.840625 0.023438 0.102083
1 0.292969 0.739583 0.182812 0.204167
1 0.083594 0.326042 0.164062 0.210417
1 0.784375 0.463542 0.150000 0.193750
