1 0.066667 0.884298 0.127778 0.220386
1 0.961111 0.210744 0.077778 0.223140
1 0.894444 0.747934 0.211111 0.278237
1 0.081944 0.148760 0.158333 0.220386
1 0.831944 0.486226 0.186111 0.256198
1 0.958333 0.528926 0.083333 0.225895
1 0.280556 0.749311 0.211111 0.264463
1 0.944444 0.943526 0.111111 0.112948
1 0.704167 0.074380 0.275000 0.143251
1 0.800000 0.228650 0.238889 0.236915
1 0.704167 0.966942 0.230556 0.066116
1 0.211111 0.363636 0.261111 0.247934
1 0.155556 0.228650 0.227778 0.275482
1 0.351389 0.067493 0.330556 0.129477
2 0.776389 0.823691 0.075000 0.077135
2 0.120833 0.037190 0.097222 0.068871
1 0.086111 0.585399 0.166667 0.201102
1 0.101389 0.679063 0.197222 0.206612
0 0.491667 0.504132 0.416667 0.440771
