1 0.895652 0.138261 0.208696 0.262609
1 0.698261 0.068696 0.241739 0.133913
1 0.466087 0.173043 0.257391 0.259130
1 0.599130 0.865217 0.245217 0.269565
1 0.369565 0.068696 0.276522 0.133913
1 0.069565 0.578261 0.135652 0.356522
1 0.915652 0.406087 0.168696 0.325217
1 0.205217 0.694783 0.233043 0.304348
1 0.766087 0.886957 0.248696 0.219130
1 0.044348 0.103478 0.085217 0.203478
0 0.503478 0.512174 0.460870 0.485217
1 0.132174 0.093043 0.156522 0.182609
1 0.047826 0.936522 0.092174 0.126957
1 0.758261 0.417391 0.166957 0.281739
