1 0.605556 0.077135 0.227778 0.148760
1 0.144444 0.107438 0.205556 0.209366
1 0.326389 0.889807 0.219444 0.220386
1 0.227778 0.355372 0.183333 0.258953
1 0.734722 0.595041 0.219444 0.181818
1 0.080556 0.520661 0.155556 0.198347
1 0.845833 0.417355 0.208333 0.212121
1 0.034722 0.268595 0.063889 0.245179
1 0.895833 0.177686 0.208333 0.217631
1 0.227778 0.685950 0.211111 0.209366
1 0.691667 0.260331 0.216667 0.228650
1 0.598611 0.907713 0.236111 0.179063
1 0.779167 0.786501 0.202778 0.195592
1 0.905556 0.769972 0.177778 0.267218
1 0.101389 0.848485 0.197222 0.143251
1 0.402778 0.034435 0.177778 0.063361
1 0.100000 0.932507 0.194444 0.134986
1 0.805556 0.019284 0.238889 0.033058
1 0.276389 0.059229 0.236111 0.112948
0 0.462500 0.506887 0.302778 0.385675
1 0.556944 0.929752 0.275000 0.140496
