1 0.778906 0.817708 0.176563 0.197917
0 0.115625 0.683333 0.228125 0.425000
1 0.503906 0.852083 0.195312 0.220833
1 0.553125 0.689583 0.153125 0.187500
1 0.145313 0.071875 0.156250 0.139583
1 0.756250 0.095833 0.159375 0.187500
1 0.664062 0.390625 0.184375 0.206250
1 0.642969 0.211458 0.160938 0.197917
1 0.335938 0.925000 0.162500 0.150000
1 0.292187 0.168750 0.187500 0.229167
1 0.410156 0.063542 0.164062 0.122917
1 0.478125 0.435417 0.150000 0.183333
1 0.664844 0.952083 0.189062 0.095833
1 0.687500 0.569792 0.212500 0.235417
1 0.526563 0.107292 0.162500 0.210417
1 0.037500 0.357292 0.071875 0.202083
1 0.864062 0.472917 0.153125 0.220833
1 0.442969 0.270833 0.179688 0.179167
1 0.932031 0.956250 0.135937 0.087500
1 0.966406 0.707292 0.067187 0.189583
1 0.938281 0.287500 0.123438 0.170833
1 0.185938 0.902083 0.165625 0.195833
1 0.061719 0.200000 0.120313 0.204167
1 0.033594 0.953125 0.064062 0.093750
1 0.264844 0.439583 0.204687 0.241667
1 0.935156 0.497917 0.129688 0.187500
1 0.848437 0.105208 0.168750 0.202083
1 0.278906 0.066667 0.132812 0.129167
1 0.923438 0.793750 0.153125 0.212500
1 0.153906 0.422917 0.204687 0.166667
