1 0.886091 0.0804569 0.227817 0.16082
1 0.0956691 0.537973 0.191338 0.232937
1 0.362443 0.908292 0.225581 0.183415
1 0.23254 0.110773 0.240308 0.221546
1 0.943802 0.663663 0.112397 0.2169
1 0.946587 0.891382 0.106826 0.215345
1 0.897147 0.44016 0.205706 0.236735
1 0.321032 0.706642 0.26424 0.227702
1 0.536781 0.0760616 0.257362 0.152123
1 0.802753 0.320837 0.219382 0.225501
1 0.177084 0.941337 0.193871 0.117248
1 0.659945 0.971298 0.246899 0.0574047
1 0.976003 0.241882 0.0479936 0.238628
1 0.123887 0.0255828 0.247553 0.0507035
0 0.504562 0.500056 0.321964 0.319956
