1 0.96362 0.643762 0.0727592 0.24416
1 0.912977 0.930121 0.173625 0.139434
1 0.952491 0.15369 0.0950187 0.205438
1 0.0433939 0.679964 0.0852747 0.229427
1 0.86203 0.753737 0.211708 0.240477
1 0.190116 0.311229 0.218676 0.193697
1 0.182076 0.536613 0.244571 0.232379
1 0.453704 0.896506 0.232051 0.20376
1 0.259067 0.751836 0.244786 0.205163
1 0.215452 0.10394 0.270167 0.20788
1 0.968333 0.389149 0.0633347 0.229357
1 0.531713 0.810397 0.266891 0.210202
2 0.361295 0.14845 0.0969908 0.101723
0 0.523856 0.498926 0.393801 0.369876
1 0.108769 0.985214 0.217537 0.029572
