1 0.932174 0.266087 0.135652 0.267826
1 0.687826 0.169565 0.252174 0.255652
1 0.867826 0.943478 0.250435 0.113043
1 0.387826 0.935652 0.267826 0.128696
1 0.791304 0.718261 0.285217 0.246957
1 0.480870 0.072174 0.276522 0.140870
1 0.810435 0.401739 0.253913 0.271304
1 0.156522 0.906087 0.219130 0.187826
1 0.839130 0.047826 0.290435 0.092174
1 0.638261 0.971304 0.264348 0.057391
1 0.073913 0.237391 0.144348 0.238261
1 0.167826 0.065217 0.252174 0.126957
0 0.467826 0.496522 0.594783 0.547826
1 0.140870 0.646087 0.274783 0.286957
1 0.036522 0.881739 0.069565 0.236522
1 0.104348 0.441739 0.205217 0.226087
