1 0.909722 0.727273 0.180556 0.220386
1 0.141667 0.493113 0.211111 0.209366
1 0.095833 0.194215 0.186111 0.206612
1 0.677778 0.048209 0.222222 0.090909
1 0.863889 0.917355 0.222222 0.165289
1 0.883333 0.079890 0.194444 0.154270
1 0.212500 0.600551 0.208333 0.203857
1 0.223611 0.066116 0.230556 0.126722
1 0.615278 0.953168 0.258333 0.093664
1 0.448611 0.775482 0.236111 0.228650
1 0.690278 0.797521 0.230556 0.217631
1 0.902778 0.301653 0.194444 0.256198
1 0.266667 0.305785 0.227778 0.214876
1 0.050000 0.630854 0.094444 0.214876
1 0.751389 0.586777 0.219444 0.225895
1 0.270833 0.953168 0.241667 0.093664
1 0.669444 0.279614 0.250000 0.217631
0 0.502778 0.502755 0.300000 0.316804
1 0.223611 0.787879 0.219444 0.214876
