1 0.079327 0.066106 0.153846 0.127404
1 0.637019 0.516827 0.173077 0.206731
0 0.551683 0.211538 0.382212 0.418269
1 0.444712 0.835337 0.158654 0.199519
1 0.762019 0.674279 0.192308 0.194712
1 0.282452 0.501202 0.185096 0.194712
1 0.364183 0.675481 0.161058 0.187500
1 0.353365 0.337740 0.163462 0.175481
1 0.131010 0.629808 0.199519 0.211538
1 0.902644 0.066106 0.180288 0.127404
1 0.300481 0.919471 0.177885 0.156250
1 0.085337 0.263221 0.165865 0.233173
1 0.896635 0.247596 0.187500 0.206731
1 0.606971 0.782452 0.189904 0.252404
1 0.300481 0.139423 0.187500 0.245192
1 0.204327 0.742788 0.182692 0.211538
1 0.865385 0.903846 0.192308 0.192308
1 0.062500 0.441106 0.120192 0.228365
1 0.915865 0.783654 0.168269 0.187500
1 0.966346 0.477163 0.067308 0.209135
1 0.771635 0.932692 0.211538 0.134615
1 0.040865 0.812500 0.076923 0.197115
2 0.031250 0.971154 0.057692 0.057692
1 0.743990 0.325721 0.161058 0.204327
1 0.133413 0.912260 0.127404 0.175481
1 0.828125 0.484375 0.194712 0.223558
1 0.944712 0.129808 0.110577 0.192308
