1 0.316722 0.072606 0.247139 0.14394
1 0.549331 0.0760108 0.215364 0.148881
1 0.0400843 0.878912 0.0781076 0.228285
1 0.850152 0.119031 0.222885 0.232703
1 0.0995781 0.649932 0.196889 0.281353
1 0.204468 0.324069 0.215704 0.25526
1 0.795836 0.698305 0.210521 0.223474
1 0.789474 0.437624 0.261284 0.238499
1 0.680253 0.244175 0.249315 0.253117
1 0.955912 0.0582499 0.0881764 0.115653
0 0.503196 0.526198 0.290189 0.268738
1 0.751372 0.971498 0.237766 0.0570044
1 0.889989 0.622466 0.214731 0.242878
1 0.279253 0.975513 0.246705 0.0489737
1 0.513127 0.864619 0.186285 0.236009
1 0.416851 0.901563 0.206707 0.192347
2 0.689633 0.0189681 0.091912 0.0379362
2 0.314043 0.233402 0.0601661 0.0603
