1 0.159722 0.060606 0.202778 0.115702
1 0.355556 0.198347 0.200000 0.203857
1 0.933333 0.950413 0.133333 0.099174
1 0.208333 0.374656 0.194444 0.198347
1 0.526389 0.783747 0.202778 0.184573
1 0.112500 0.910468 0.219444 0.179063
1 0.052778 0.363636 0.100000 0.198347
1 0.794444 0.283747 0.211111 0.225895
1 0.793056 0.563361 0.191667 0.190083
1 0.569444 0.928375 0.222222 0.143251
1 0.211111 0.596419 0.222222 0.217631
1 0.911111 0.048209 0.177778 0.090909
1 0.841667 0.695592 0.222222 0.223140
1 0.029167 0.764463 0.052778 0.223140
0 0.508333 0.501377 0.355556 0.358127
1 0.738889 0.871901 0.250000 0.256198
1 0.951389 0.348485 0.097222 0.151515
1 0.961111 0.451791 0.077778 0.181818
