1 0.088281 0.881250 0.160938 0.208333
0 0.532813 0.717708 0.253125 0.360417
1 0.299219 0.507292 0.154688 0.181250
1 0.537500 0.213542 0.159375 0.210417
1 0.944531 0.495833 0.110937 0.204167
1 0.135156 0.416667 0.164062 0.220833
1 0.962500 0.216667 0.075000 0.195833
1 0.894531 0.118750 0.148438 0.183333
1 0.609375 0.090625 0.156250 0.177083
1 0.842969 0.731250 0.179688 0.208333
1 0.751563 0.945833 0.159375 0.108333
2 0.447656 0.144792 0.042188 0.056250
2 0.021875 0.545833 0.040625 0.075000
1 0.271875 0.919792 0.128125 0.147917
1 0.196094 0.212500 0.189062 0.233333
1 0.228125 0.872917 0.162500 0.200000
1 0.789062 0.469792 0.181250 0.218750
1 0.215625 0.045833 0.143750 0.087500
1 0.741406 0.229167 0.189062 0.212500
1 0.418750 0.951042 0.150000 0.097917
1 0.074219 0.661458 0.145313 0.206250
1 0.039062 0.056250 0.075000 0.108333
1 0.453125 0.431250 0.218750 0.200000
1 0.571094 0.951042 0.173437 0.097917
1 0.055469 0.310417 0.107813 0.191667
1 0.691406 0.614583 0.120313 0.216667
1 0.882031 0.948958 0.154688 0.102083
