1 0.115652 0.933913 0.227826 0.132174
1 0.473043 0.957391 0.281739 0.085217
1 0.344348 0.213043 0.236522 0.227826
1 0.635652 0.215652 0.252174 0.260870
1 0.859130 0.160870 0.222609 0.238261
1 0.512174 0.057391 0.213913 0.111304
1 0.683478 0.059130 0.194783 0.114783
1 0.842609 0.544348 0.220870 0.233043
1 0.757391 0.712174 0.213913 0.213913
1 0.951304 0.660000 0.097391 0.154783
1 0.921739 0.769565 0.156522 0.179130
1 0.846957 0.906957 0.215652 0.186087
1 0.453913 0.850435 0.240000 0.187826
1 0.230435 0.888696 0.206957 0.198261
1 0.094783 0.737391 0.186087 0.205217
1 0.182609 0.626087 0.222609 0.240000
1 0.161739 0.381739 0.226087 0.193043
1 0.120000 0.158261 0.236522 0.240000
0 0.494783 0.499130 0.499130 0.528696
