1 0.788889 0.796143 0.227778 0.236915
1 0.952778 0.827824 0.094444 0.261708
1 0.104167 0.351240 0.202778 0.239669
1 0.923611 0.491736 0.152778 0.239669
1 0.097222 0.822314 0.188889 0.261708
1 0.220833 0.561983 0.258333 0.242424
1 0.762500 0.553719 0.197222 0.258953
1 0.568056 0.847107 0.236111 0.278237
1 0.336111 0.849862 0.216667 0.267218
1 0.584722 0.207989 0.258333 0.261708
1 0.159722 0.966942 0.280556 0.066116
1 0.919444 0.272727 0.161111 0.214876
1 0.281944 0.283747 0.252778 0.198347
1 0.047222 0.549587 0.088889 0.212121
0 0.505556 0.501377 0.305556 0.308540
