1 0.933333 0.706612 0.133333 0.228650
1 0.937500 0.170799 0.125000 0.225895
1 0.919444 0.402204 0.155556 0.220386
1 0.368056 0.177686 0.219444 0.245179
1 0.068056 0.053719 0.130556 0.101928
1 0.822222 0.544077 0.244444 0.250689
1 0.786111 0.250689 0.216667 0.242424
1 0.955556 0.909091 0.088889 0.181818
1 0.065278 0.940771 0.125000 0.118457
1 0.087500 0.254821 0.169444 0.239669
1 0.823611 0.034435 0.252778 0.063361
1 0.137500 0.640496 0.213889 0.256198
1 0.820833 0.925620 0.225000 0.148760
2 0.302778 0.522039 0.088889 0.096419
1 0.606944 0.964187 0.241667 0.071625
2 0.627778 0.254821 0.083333 0.085399
2 0.583333 0.669421 0.083333 0.066116
1 0.162500 0.289256 0.158333 0.231405
0 0.384722 0.834711 0.352778 0.325069
0 0.505556 0.483471 0.322222 0.371901
1 0.029167 0.377410 0.052778 0.231405
