1 0.965217 0.742609 0.069565 0.212174
1 0.891304 0.151304 0.217391 0.240000
1 0.363478 0.921739 0.212174 0.156522
1 0.114783 0.204348 0.226087 0.248696
1 0.881739 0.555652 0.233043 0.210435
1 0.376522 0.186957 0.262609 0.248696
1 0.169565 0.960000 0.252174 0.080000
1 0.926957 0.360870 0.146087 0.248696
1 0.809565 0.810435 0.259130 0.309565
1 0.055652 0.760870 0.107826 0.224348
1 0.579130 0.108696 0.233043 0.213913
1 0.154783 0.441739 0.208696 0.205217
1 0.593043 0.902609 0.250435 0.191304
1 0.636522 0.951304 0.233043 0.097391
0 0.513043 0.526957 0.406957 0.566957
1 0.121739 0.560870 0.226087 0.227826
1 0.139130 0.814783 0.198261 0.210435
1 0.697391 0.107826 0.191304 0.212174
