0 0.222356 0.605769 0.425481 0.326923
1 0.811298 0.947115 0.189904 0.105769
1 0.243990 0.114183 0.252404 0.204327
2 0.424279 0.078125 0.088942 0.074519
1 0.140625 0.307692 0.237981 0.230769
2 0.923077 0.929087 0.096154 0.074519
1 0.485577 0.443510 0.206731 0.175481
2 0.939904 0.361779 0.091346 0.084135
1 0.449519 0.850962 0.192308 0.173077
1 0.796875 0.141827 0.218750 0.221154
1 0.935096 0.455529 0.129808 0.180288
1 0.021635 0.082933 0.038462 0.161058
1 0.782452 0.391827 0.218750 0.211538
1 0.746394 0.801683 0.228365 0.170673
1 0.389423 0.347356 0.192308 0.141827
1 0.436298 0.241587 0.228365 0.165865
1 0.603365 0.265625 0.149038 0.141827
1 0.795673 0.661058 0.221154 0.182692
1 0.512019 0.707933 0.235577 0.146635
1 0.227163 0.865385 0.233173 0.177885
