1 0.908333 0.840220 0.183333 0.225895
1 0.923611 0.622590 0.152778 0.203857
1 0.583333 0.060606 0.227778 0.115702
1 0.105556 0.067493 0.205556 0.129477
1 0.112500 0.327824 0.219444 0.231405
1 0.281944 0.929752 0.241667 0.134986
1 0.312500 0.217631 0.225000 0.220386
1 0.959722 0.304408 0.080556 0.234160
1 0.776389 0.865014 0.191667 0.220386
1 0.447222 0.780992 0.250000 0.256198
1 0.305556 0.738292 0.205556 0.220386
1 0.036111 0.805785 0.066667 0.234160
1 0.059722 0.617080 0.113889 0.231405
1 0.756944 0.195592 0.225000 0.236915
1 0.112500 0.575758 0.202778 0.225895
0 0.495833 0.522039 0.430556 0.426997
1 0.718056 0.071625 0.180556 0.137741
1 0.686111 0.257576 0.205556 0.206612
