1 0.100438 0.796893 0.19998 0.230619
1 0.146456 0.502377 0.244019 0.230783
1 0.274907 0.147507 0.239296 0.232193
1 0.443864 0.925742 0.202996 0.147648
1 0.822817 0.516481 0.209587 0.23926
1 0.0437146 0.326006 0.0862556 0.250693
1 0.91431 0.936098 0.171379 0.127804
1 0.785887 0.786804 0.231775 0.273659
1 0.321384 0.707123 0.215571 0.262663
1 0.888279 0.0629631 0.216779 0.124916
1 0.889903 0.177837 0.220193 0.230134
1 0.038397 0.940356 0.0744542 0.118419
1 0.538234 0.783546 0.229723 0.182164
1 0.0286647 0.0778507 0.0573293 0.155167
0 0.502822 0.502462 0.377166 0.365883
