1 0.907826 0.368696 0.180870 0.229565
1 0.066957 0.666957 0.130435 0.255652
1 0.773913 0.180000 0.236522 0.231304
1 0.437391 0.227826 0.248696 0.243478
1 0.142609 0.313913 0.253913 0.269565
1 0.920870 0.682609 0.158261 0.245217
1 0.500870 0.847826 0.271304 0.224348
1 0.968696 0.165217 0.062609 0.246957
1 0.112174 0.087826 0.220870 0.172174
1 0.746957 0.770435 0.220870 0.240000
1 0.314783 0.034783 0.205217 0.066087
1 0.650435 0.966087 0.198261 0.067826
1 0.972174 0.897391 0.055652 0.177391
0 0.505217 0.514783 0.419130 0.438261
