1 0.787500 0.282369 0.208333 0.201102
1 0.405556 0.111570 0.194444 0.212121
1 0.948611 0.610193 0.102778 0.228650
1 0.194444 0.100551 0.205556 0.195592
1 0.102778 0.873278 0.200000 0.220386
1 0.647222 0.112948 0.227778 0.181818
1 0.283333 0.752066 0.205556 0.225895
1 0.958333 0.119835 0.083333 0.184573
1 0.044444 0.165289 0.083333 0.275482
2 0.240278 0.570248 0.080556 0.082645
1 0.886111 0.068871 0.200000 0.132231
1 0.783333 0.648760 0.233333 0.272727
0 0.500000 0.501377 0.333333 0.308540
2 0.581944 0.768595 0.097222 0.093664
1 0.305556 0.081267 0.183333 0.157025
