1 0.933333 0.500000 0.133333 0.223140
1 0.030556 0.283747 0.055556 0.253444
1 0.895833 0.055096 0.208333 0.104683
1 0.822222 0.611570 0.205556 0.203857
1 0.076389 0.517906 0.147222 0.225895
1 0.204167 0.943526 0.230556 0.112948
1 0.637500 0.203857 0.225000 0.220386
1 0.852778 0.272727 0.211111 0.225895
1 0.513889 0.849862 0.183333 0.201102
1 0.158333 0.732782 0.255556 0.231405
1 0.652778 0.944904 0.205556 0.110193
1 0.880556 0.837466 0.227778 0.214876
1 0.222222 0.469697 0.200000 0.267218
1 0.069444 0.041322 0.133333 0.077135
1 0.872222 0.973829 0.233333 0.052342
1 0.983333 0.154270 0.033333 0.214876
1 0.041667 0.958678 0.077778 0.082645
0 0.504167 0.505510 0.341667 0.382920
