1 0.072174 0.612174 0.140870 0.236522
1 0.035652 0.340000 0.067826 0.241739
1 0.946957 0.047826 0.106087 0.092174
1 0.829565 0.756522 0.201739 0.236522
1 0.398261 0.729565 0.250435 0.245217
1 0.257391 0.167826 0.222609 0.227826
1 0.408696 0.934783 0.253913 0.126957
1 0.773043 0.510435 0.217391 0.234783
1 0.833913 0.260870 0.241739 0.250435
1 0.238261 0.413913 0.233043 0.219130
1 0.166957 0.525217 0.222609 0.219130
1 0.386957 0.031304 0.227826 0.059130
1 0.621739 0.679130 0.210435 0.210435
1 0.151304 0.873913 0.226087 0.220870
1 0.116522 0.941739 0.229565 0.116522
0 0.529565 0.475652 0.349565 0.360000
2 0.520870 0.193913 0.081739 0.088696
