1 0.533333 0.915978 0.177778 0.168044
1 0.704167 0.143251 0.230556 0.220386
1 0.113889 0.910468 0.222222 0.179063
1 0.740278 0.906336 0.219444 0.187328
1 0.341667 0.876033 0.211111 0.236915
1 0.469444 0.104683 0.238889 0.203857
1 0.386111 0.280992 0.272222 0.242424
1 0.958333 0.735537 0.083333 0.214876
1 0.095833 0.096419 0.186111 0.187328
1 0.958333 0.286501 0.083333 0.231405
1 0.025000 0.730028 0.044444 0.214876
1 0.755556 0.336088 0.227778 0.214876
1 0.193056 0.150138 0.225000 0.212121
1 0.254167 0.601928 0.213889 0.228650
1 0.023611 0.522039 0.041667 0.212121
1 0.213889 0.471074 0.211111 0.203857
2 0.873611 0.060606 0.086111 0.088154
0 0.509722 0.505510 0.363889 0.371901
