1 0.106087 0.084348 0.208696 0.165217
1 0.756522 0.660870 0.229565 0.278261
1 0.397391 0.125217 0.231304 0.246957
1 0.236522 0.943478 0.246957 0.113043
1 0.068696 0.400870 0.133913 0.266087
1 0.223478 0.401739 0.168696 0.292174
1 0.944348 0.189565 0.111304 0.253913
1 0.819130 0.138261 0.194783 0.252174
1 0.037391 0.833913 0.071304 0.231304
1 0.304348 0.733043 0.233043 0.266087
1 0.497391 0.815652 0.257391 0.281739
1 0.961739 0.427826 0.076522 0.267826
1 0.648696 0.966087 0.215652 0.067826
1 0.870435 0.967826 0.259130 0.064348
0 0.472174 0.479130 0.419130 0.467826
1 0.631304 0.063478 0.243478 0.123478
