1 0.909258 0.0688839 0.181484 0.137696
1 0.541981 0.0829415 0.220199 0.164491
1 0.0516396 0.475013 0.102862 0.212181
1 0.916163 0.614746 0.167675 0.21008
1 0.928948 0.348347 0.140417 0.199172
1 0.0415877 0.163008 0.0829483 0.242455
1 0.183246 0.90729 0.231753 0.183335
1 0.545063 0.913318 0.233877 0.172904
1 0.698246 0.726287 0.226422 0.245539
1 0.109724 0.555558 0.174192 0.199338
1 0.264468 0.770112 0.206786 0.210012
1 0.0287112 0.91906 0.0563111 0.159137
1 0.909699 0.244426 0.178358 0.178917
1 0.450667 0.260179 0.272158 0.206774
1 0.832139 0.560826 0.167462 0.203911
1 0.49864 0.158156 0.208843 0.16253
0 0.510144 0.513711 0.321431 0.33187
1 0.251101 0.650647 0.197858 0.155927
