1 0.312174 0.081739 0.224348 0.160000
1 0.067826 0.625217 0.132174 0.234783
1 0.198261 0.460870 0.201739 0.233043
1 0.946087 0.552174 0.107826 0.262609
1 0.105217 0.115652 0.206957 0.227826
1 0.938261 0.816522 0.123478 0.241739
1 0.195652 0.877391 0.231304 0.227826
1 0.474783 0.117391 0.236522 0.231304
1 0.057391 0.333913 0.111304 0.233043
1 0.920870 0.140870 0.158261 0.260870
1 0.617391 0.908696 0.219130 0.179130
1 0.792174 0.554783 0.241739 0.226087
1 0.095652 0.964348 0.187826 0.071304
0 0.504348 0.499130 0.351304 0.285217
1 0.803478 0.034783 0.205217 0.066087
1 0.533043 0.712174 0.217391 0.182609
1 0.489565 0.847826 0.266087 0.231304
1 0.793043 0.689565 0.253913 0.172174
