0 0.535156 0.648958 0.307812 0.402083
1 0.507812 0.114583 0.184375 0.216667
1 0.832031 0.306250 0.164062 0.204167
1 0.938281 0.463542 0.123438 0.206250
1 0.268750 0.907292 0.178125 0.181250
1 0.679688 0.207292 0.171875 0.193750
1 0.591406 0.352083 0.192188 0.220833
2 0.435937 0.863542 0.059375 0.077083
0 0.817187 0.036458 0.200000 0.068750
1 0.851562 0.788542 0.178125 0.193750
1 0.760156 0.731250 0.179688 0.237500
1 0.719531 0.923958 0.179688 0.152083
1 0.038281 0.718750 0.073438 0.208333
1 0.333594 0.377083 0.154688 0.241667
1 0.128906 0.831250 0.151562 0.233333
1 0.187500 0.631250 0.150000 0.204167
1 0.184375 0.442708 0.162500 0.247917
1 0.068750 0.546875 0.134375 0.181250
1 0.638281 0.097917 0.167187 0.191667
1 0.118750 0.083333 0.187500 0.162500
1 0.232031 0.176042 0.160938 0.193750
1 0.900781 0.132292 0.176563 0.181250
1 0.360156 0.264583 0.160938 0.195833
1 0.548438 0.932292 0.178125 0.135417
1 0.304688 0.604167 0.146875 0.237500
