1 0.088889 0.108815 0.172222 0.212121
1 0.079167 0.910468 0.152778 0.179063
1 0.754167 0.628099 0.186111 0.176309
1 0.615278 0.246556 0.186111 0.173554
1 0.095833 0.356749 0.186111 0.195592
1 0.300000 0.074380 0.227778 0.143251
1 0.433333 0.841598 0.188889 0.179063
1 0.250000 0.246556 0.205556 0.190083
1 0.916667 0.187328 0.166667 0.220386
1 0.800000 0.358127 0.194444 0.209366
1 0.754167 0.827824 0.213889 0.190083
1 0.740278 0.060606 0.180556 0.115702
1 0.961111 0.725895 0.077778 0.190083
1 0.913889 0.030303 0.172222 0.055096
1 0.163889 0.544077 0.194444 0.173554
1 0.211111 0.865014 0.216667 0.214876
1 0.358333 0.969697 0.194444 0.060606
1 0.204167 0.662534 0.291667 0.173554
0 0.500000 0.501377 0.372222 0.347107
