1 0.569444 0.896694 0.200000 0.201102
1 0.038889 0.836088 0.072222 0.228650
1 0.193056 0.119835 0.236111 0.234160
1 0.702778 0.691460 0.216667 0.220386
1 0.169444 0.910468 0.211111 0.179063
1 0.047222 0.376033 0.088889 0.228650
1 0.391667 0.955923 0.211111 0.088154
1 0.877778 0.074380 0.183333 0.143251
1 0.240278 0.622590 0.219444 0.214876
1 0.738889 0.249311 0.227778 0.228650
1 0.226389 0.385675 0.225000 0.247934
1 0.862500 0.451791 0.202778 0.220386
1 0.973611 0.511019 0.052778 0.212121
2 0.531944 0.754821 0.108333 0.099174
2 0.900000 0.943526 0.122222 0.112948
0 0.480556 0.505510 0.494444 0.327824
