1 0.159722 0.851240 0.197222 0.203857
1 0.490278 0.867769 0.191667 0.192837
1 0.100000 0.066116 0.194444 0.126722
1 0.786111 0.347107 0.205556 0.198347
1 0.890278 0.139118 0.197222 0.201102
1 0.190278 0.636364 0.202778 0.209366
1 0.340278 0.068871 0.241667 0.132231
1 0.955556 0.469697 0.088889 0.195592
1 0.918056 0.865014 0.163889 0.225895
1 0.047222 0.462810 0.088889 0.225895
1 0.797222 0.944904 0.227778 0.104683
1 0.640278 0.077135 0.236111 0.148760
1 0.036111 0.703857 0.066667 0.234160
1 0.122222 0.290634 0.233333 0.245179
1 0.350000 0.247934 0.205556 0.209366
1 0.876389 0.651515 0.186111 0.234160
1 0.706944 0.163912 0.180556 0.179063
1 0.970833 0.038567 0.058333 0.071625
2 0.044444 0.856749 0.072222 0.066116
1 0.836111 0.574380 0.183333 0.201102
2 0.326389 0.663912 0.080556 0.082645
1 0.123611 0.987603 0.202778 0.024793
0 0.506944 0.495868 0.519444 0.556474
