1 0.830556 0.586777 0.188889 0.192837
1 0.331944 0.257576 0.236111 0.212121
1 0.086111 0.858127 0.166667 0.245179
1 0.831944 0.214876 0.186111 0.203857
1 0.509722 0.071625 0.208333 0.137741
1 0.111111 0.071625 0.216667 0.137741
1 0.948611 0.917355 0.102778 0.159780
1 0.737500 0.921488 0.202778 0.157025
1 0.656944 0.258953 0.197222 0.253444
1 0.591667 0.876033 0.177778 0.236915
1 0.034722 0.183196 0.063889 0.179063
1 0.247222 0.859504 0.172222 0.220386
1 0.031944 0.384298 0.058333 0.201102
1 0.972222 0.619835 0.055556 0.220386
2 0.100000 0.563361 0.133333 0.123967
1 0.037500 0.608815 0.069444 0.236915
2 0.794444 0.409091 0.127778 0.123967
1 0.394444 0.816804 0.266667 0.267218
1 0.051389 0.960055 0.097222 0.079890
2 0.125000 0.730028 0.094444 0.088154
2 0.537500 0.289256 0.069444 0.071625
0 0.506944 0.541322 0.391667 0.388430
1 0.023611 0.608815 0.041667 0.236915
