0 0.829688 0.823958 0.331250 0.352083
1 0.386719 0.244792 0.148438 0.210417
1 0.077344 0.357292 0.151562 0.210417
1 0.240625 0.120833 0.190625 0.229167
1 0.914844 0.543750 0.167187 0.241667
1 0.251563 0.804167 0.171875 0.245833
1 0.397656 0.919792 0.142187 0.160417
2 0.832812 0.203125 0.065625 0.089583
1 0.889844 0.076042 0.164062 0.147917
1 0.576562 0.891667 0.193750 0.216667
1 0.035937 0.083333 0.068750 0.162500
1 0.388281 0.481250 0.157812 0.220833
1 0.083594 0.757292 0.164062 0.272917
1 0.526563 0.396875 0.181250 0.227083
1 0.951562 0.220833 0.096875 0.237500
1 0.803906 0.386458 0.160938 0.227083
1 0.633594 0.188542 0.176563 0.210417
1 0.663281 0.537500 0.167187 0.225000
1 0.495312 0.685417 0.178125 0.229167
1 0.538281 0.138542 0.182812 0.243750
1 0.235937 0.556250 0.221875 0.258333
1 0.753125 0.606250 0.159375 0.175000
1 0.700000 0.070833 0.121875 0.137500
