0 0.237981 0.834135 0.240385 0.312500
1 0.903846 0.234375 0.173077 0.185096
1 0.468750 0.241587 0.201923 0.189904
1 0.781250 0.723558 0.201923 0.182692
2 0.545673 0.824519 0.067308 0.067308
2 0.650240 0.074519 0.069712 0.072115
1 0.307692 0.356971 0.173077 0.209135
1 0.423077 0.620192 0.187500 0.230769
1 0.087740 0.503606 0.170673 0.213942
1 0.429087 0.909856 0.165865 0.175481
1 0.824519 0.554087 0.168269 0.237981
1 0.530048 0.425481 0.175481 0.201923
1 0.647837 0.257212 0.161058 0.225962
1 0.645433 0.917067 0.199519 0.165865
1 0.790865 0.894231 0.192308 0.182692
1 0.354567 0.064904 0.213942 0.125000
1 0.151442 0.269231 0.197115 0.230769
1 0.955529 0.876202 0.088942 0.218750
1 0.248798 0.543269 0.180288 0.225962
1 0.540865 0.082933 0.153846 0.161058
1 0.661058 0.500000 0.163462 0.245192
1 0.038462 0.699519 0.072115 0.211538
