0 0.427344 0.573958 0.292187 0.510417
1 0.915625 0.164583 0.165625 0.254167
1 0.385937 0.253125 0.165625 0.189583
1 0.762500 0.173958 0.156250 0.218750
1 0.151562 0.933333 0.175000 0.133333
1 0.760938 0.908333 0.162500 0.183333
1 0.088281 0.754167 0.173437 0.254167
1 0.829688 0.610417 0.190625 0.220833
1 0.598437 0.096875 0.181250 0.189583
1 0.529687 0.853125 0.193750 0.252083
1 0.331250 0.913542 0.168750 0.172917
1 0.081250 0.322917 0.159375 0.233333
1 0.622656 0.506250 0.139063 0.204167
1 0.603125 0.292708 0.200000 0.193750
1 0.792188 0.404167 0.200000 0.208333
1 0.050781 0.516667 0.098437 0.191667
1 0.158594 0.040625 0.179688 0.077083
1 0.278125 0.741667 0.178125 0.195833
2 0.702344 0.726042 0.067187 0.085417
