1 0.072222 0.749311 0.138889 0.231405
1 0.909722 0.830579 0.180556 0.223140
1 0.079167 0.931129 0.152778 0.132231
1 0.940278 0.524793 0.119444 0.234160
1 0.600000 0.046832 0.200000 0.088154
1 0.694444 0.181818 0.194444 0.231405
1 0.152778 0.555096 0.233333 0.239669
1 0.176389 0.082645 0.230556 0.159780
1 0.894444 0.174931 0.211111 0.228650
1 0.812500 0.632231 0.208333 0.239669
1 0.365278 0.176309 0.252778 0.269972
1 0.912500 0.030303 0.175000 0.055096
1 0.240278 0.749311 0.213889 0.209366
2 0.026389 0.526171 0.047222 0.093664
0 0.508333 0.504132 0.394444 0.385675
