0 0.454688 0.511458 0.296875 0.393750
1 0.702344 0.460417 0.164062 0.212500
1 0.748437 0.273958 0.187500 0.197917
1 0.139063 0.296875 0.162500 0.214583
1 0.186719 0.941667 0.167187 0.116667
1 0.760156 0.082292 0.164062 0.160417
1 0.731250 0.661458 0.187500 0.227083
1 0.541406 0.793750 0.167187 0.208333
2 0.824219 0.444792 0.073438 0.085417
1 0.125781 0.692708 0.185938 0.189583
1 0.926562 0.611458 0.143750 0.239583
1 0.400781 0.866667 0.195312 0.220833
1 0.904687 0.051042 0.146875 0.097917
1 0.060937 0.440625 0.118750 0.197917
1 0.344531 0.045833 0.154688 0.087500
1 0.553906 0.044792 0.148438 0.085417
1 0.616406 0.923958 0.176563 0.152083
1 0.063281 0.982292 0.123438 0.035417
1 0.242969 0.134375 0.157812 0.218750
1 0.239844 0.559375 0.154688 0.193750
1 0.185156 0.850000 0.160938 0.204167
1 0.767969 0.895833 0.160938 0.195833
1 0.989062 0.105208 0.021875 0.202083
1 0.892969 0.809375 0.167187 0.185417
1 0.526563 0.182292 0.112500 0.210417
1 0.414062 0.186458 0.134375 0.243750
