1 0.324348 0.879130 0.227826 0.241739
1 0.093043 0.320870 0.182609 0.273043
1 0.724348 0.773043 0.234783 0.248696
1 0.906957 0.660870 0.186087 0.243478
1 0.657391 0.246087 0.246957 0.283478
1 0.873043 0.326957 0.253913 0.264348
1 0.090435 0.704348 0.177391 0.219130
1 0.106957 0.921739 0.210435 0.156522
1 0.321739 0.224348 0.285217 0.236522
1 0.281739 0.056522 0.274783 0.109565
1 0.857391 0.080000 0.278261 0.156522
1 0.967826 0.885217 0.064348 0.226087
1 0.060000 0.073913 0.116522 0.144348
0 0.500000 0.509565 0.443478 0.452174
