1 0.945833 0.827824 0.108333 0.228650
1 0.823611 0.584022 0.163889 0.198347
1 0.098611 0.911846 0.191667 0.176309
1 0.954167 0.568871 0.091667 0.201102
1 0.687500 0.911846 0.208333 0.176309
1 0.073611 0.676309 0.141667 0.190083
1 0.456944 0.099174 0.241667 0.181818
1 0.236111 0.491736 0.244444 0.305785
1 0.913889 0.052342 0.172222 0.099174
1 0.733333 0.721763 0.194444 0.242424
1 0.379167 0.268595 0.213889 0.168044
1 0.175000 0.075758 0.244444 0.146006
1 0.473611 0.763085 0.202778 0.181818
1 0.637500 0.026171 0.275000 0.046832
1 0.019444 0.249311 0.033333 0.228650
0 0.504167 0.502755 0.336111 0.382920
