1 0.922222 0.376033 0.155556 0.228650
1 0.058333 0.876033 0.111111 0.220386
1 0.887500 0.866391 0.225000 0.256198
1 0.116667 0.112948 0.227778 0.220386
1 0.161111 0.410468 0.244444 0.242424
1 0.375000 0.906336 0.238889 0.187328
1 0.161111 0.659780 0.233333 0.234160
1 0.390278 0.101928 0.247222 0.198347
1 0.909722 0.041322 0.180556 0.077135
1 0.738889 0.657025 0.216667 0.250689
1 0.623611 0.152893 0.247222 0.250689
1 0.522222 0.794766 0.244444 0.206612
1 0.887500 0.586777 0.225000 0.225895
1 0.748611 0.971074 0.247222 0.057851
1 0.230556 0.966942 0.205556 0.066116
0 0.508333 0.500000 0.355556 0.360882
