1 0.922222 0.926997 0.155556 0.146006
1 0.761111 0.045455 0.238889 0.085399
1 0.783333 0.465565 0.238889 0.220386
1 0.034722 0.531680 0.063889 0.220386
1 0.627778 0.931129 0.222222 0.132231
1 0.123611 0.238292 0.236111 0.239669
1 0.333333 0.907713 0.250000 0.179063
1 0.491667 0.172176 0.183333 0.272727
1 0.877778 0.724518 0.238889 0.242424
1 0.519444 0.782369 0.200000 0.225895
1 0.365278 0.309917 0.269444 0.228650
1 0.694444 0.180441 0.216667 0.245179
1 0.294444 0.085399 0.244444 0.165289
1 0.690278 0.655647 0.202778 0.258953
0 0.498611 0.502755 0.302778 0.289256
1 0.131944 0.922865 0.202778 0.154270
