0 0.597356 0.514423 0.492788 0.365385
1 0.501202 0.908654 0.213942 0.182692
1 0.868990 0.721154 0.237981 0.187500
1 0.237981 0.274038 0.283654 0.206731
1 0.074519 0.486779 0.144231 0.175481
1 0.099760 0.947115 0.194712 0.105769
1 0.349760 0.687500 0.257212 0.235577
1 0.307692 0.966346 0.206731 0.067308
1 0.627404 0.758413 0.230769 0.180288
1 0.850962 0.341346 0.259615 0.197115
1 0.902644 0.063702 0.194712 0.122596
1 0.878606 0.501202 0.223558 0.189904
1 0.891827 0.984375 0.216346 0.031250
1 0.301683 0.400240 0.228365 0.156250
