1 0.126389 0.075758 0.208333 0.146006
1 0.355556 0.787879 0.211111 0.198347
1 0.054167 0.935262 0.102778 0.129477
1 0.831944 0.526171 0.197222 0.220386
1 0.219444 0.612948 0.183333 0.184573
1 0.556944 0.071625 0.208333 0.137741
1 0.872222 0.831956 0.211111 0.209366
1 0.058333 0.657025 0.111111 0.223140
1 0.108333 0.421488 0.211111 0.231405
1 0.636111 0.831956 0.216667 0.214876
1 0.965278 0.617080 0.069444 0.220386
1 0.213889 0.966942 0.188889 0.066116
1 0.768056 0.185950 0.208333 0.201102
2 0.477778 0.899449 0.083333 0.079890
0 0.519444 0.502755 0.377778 0.377410
