1 0.318510 0.777644 0.165865 0.175481
1 0.777644 0.084135 0.146635 0.158654
1 0.877404 0.222356 0.201923 0.194712
0 0.483173 0.867788 0.211538 0.264423
1 0.865385 0.695913 0.168269 0.189904
1 0.515625 0.407452 0.180288 0.189904
1 0.284856 0.949519 0.161058 0.100962
1 0.703125 0.508413 0.180288 0.233173
1 0.540865 0.138221 0.206731 0.204327
1 0.918269 0.055288 0.163462 0.105769
1 0.117788 0.909856 0.182692 0.175481
1 0.841346 0.414663 0.158654 0.185096
1 0.067308 0.079327 0.129808 0.153846
1 0.687500 0.967548 0.144231 0.064904
1 0.141827 0.697115 0.182692 0.216346
1 0.216346 0.344952 0.177885 0.194712
1 0.975962 0.758413 0.048077 0.189904
1 0.037260 0.578125 0.069712 0.209135
1 0.284856 0.061298 0.165865 0.117788
1 0.956731 0.387019 0.086538 0.211538
1 0.457933 0.304087 0.156250 0.170673
1 0.933894 0.933894 0.132212 0.132212
1 0.393029 0.573317 0.194712 0.237981
1 0.772837 0.911058 0.194712 0.177885
1 0.687500 0.290865 0.192308 0.206731
1 0.319712 0.192308 0.173077 0.182692
