1 0.113913 0.885217 0.224348 0.226087
1 0.943478 0.093043 0.113043 0.182609
1 0.537391 0.046957 0.219130 0.090435
1 0.130435 0.119130 0.257391 0.234783
0 0.513913 0.453913 0.453913 0.455652
1 0.106087 0.663478 0.208696 0.234783
1 0.912174 0.908696 0.175652 0.179130
1 0.422609 0.845217 0.260870 0.240000
1 0.183478 0.465217 0.252174 0.262609
1 0.093043 0.320000 0.182609 0.243478
1 0.745217 0.670435 0.206957 0.196522
1 0.778261 0.837391 0.227826 0.234783
1 0.962609 0.490435 0.074783 0.212174
1 0.950435 0.720000 0.099130 0.205217
1 0.517391 0.960000 0.200000 0.080000
1 0.340000 0.689565 0.234783 0.206957
