1 0.091667 0.684573 0.177778 0.234160
1 0.031944 0.388430 0.058333 0.258953
1 0.937500 0.081267 0.125000 0.157025
1 0.738889 0.831956 0.238889 0.242424
1 0.829167 0.651515 0.197222 0.201102
1 0.155556 0.893939 0.222222 0.212121
1 0.255556 0.498623 0.216667 0.258953
1 0.856944 0.219008 0.230556 0.239669
1 0.923611 0.439394 0.152778 0.250689
1 0.381944 0.753444 0.219444 0.250689
1 0.147222 0.326446 0.194444 0.305785
1 0.493056 0.830579 0.236111 0.278237
1 0.911111 0.732782 0.177778 0.258953
1 0.608333 0.151515 0.233333 0.203857
1 0.702778 0.104683 0.222222 0.203857
1 0.765278 0.972452 0.241667 0.055096
0 0.506944 0.505510 0.302778 0.283747
1 0.447222 0.977961 0.266667 0.044077
1 0.025000 0.914601 0.044444 0.170799
1 0.626389 0.351240 0.247222 0.250689
1 0.744444 0.473829 0.200000 0.280992
1 0.355556 0.019284 0.255556 0.033058
2 0.422222 0.333333 0.088889 0.082645
