1 0.401389 0.767218 0.225000 0.195592
1 0.658333 0.232782 0.194444 0.212121
1 0.740278 0.709366 0.213889 0.190083
1 0.063889 0.679063 0.122222 0.223140
1 0.100000 0.290634 0.194444 0.212121
1 0.198611 0.812672 0.219444 0.236915
1 0.490278 0.082645 0.247222 0.159780
1 0.202778 0.538567 0.211111 0.223140
1 0.805556 0.465565 0.222222 0.209366
1 0.854167 0.041322 0.247222 0.077135
1 0.961111 0.241047 0.077778 0.212121
1 0.890278 0.849862 0.219444 0.217631
1 0.448611 0.938017 0.219444 0.123967
1 0.595833 0.881543 0.230556 0.236915
1 0.447222 0.249311 0.227778 0.179063
1 0.056944 0.030303 0.108333 0.055096
0 0.506944 0.520661 0.363889 0.358127
