1 0.153043 0.502609 0.246957 0.236522
1 0.944348 0.073913 0.111304 0.144348
1 0.686957 0.083478 0.246957 0.163478
1 0.928696 0.416522 0.142609 0.290435
1 0.824348 0.234783 0.240000 0.253913
1 0.240000 0.180870 0.240000 0.250435
1 0.253043 0.911304 0.200000 0.173913
1 0.178261 0.736522 0.283478 0.231304
1 0.072174 0.939130 0.140870 0.121739
1 0.060870 0.066087 0.118261 0.128696
1 0.837391 0.824348 0.220870 0.233043
1 0.592174 0.964348 0.252174 0.071304
1 0.253913 0.366957 0.219130 0.243478
0 0.495652 0.560000 0.511304 0.431304
1 0.915652 0.850435 0.168696 0.257391
