1 0.115278 0.184573 0.175000 0.220386
1 0.916667 0.100551 0.166667 0.195592
1 0.295833 0.059229 0.219444 0.112948
1 0.920833 0.308540 0.158333 0.242424
1 0.519444 0.283747 0.238889 0.220386
1 0.254167 0.196970 0.202778 0.212121
1 0.651389 0.119835 0.225000 0.223140
1 0.738889 0.971074 0.238889 0.057851
1 0.901389 0.797521 0.197222 0.239669
1 0.031944 0.096419 0.058333 0.187328
1 0.279167 0.411846 0.213889 0.206612
0 0.506944 0.515152 0.291667 0.286501
1 0.436111 0.820937 0.255556 0.220386
1 0.416667 0.910468 0.211111 0.173554
1 0.102778 0.663912 0.200000 0.187328
1 0.130556 0.560606 0.238889 0.195592
1 0.913889 0.907713 0.172222 0.173554
1 0.311111 0.296143 0.194444 0.162534
1 0.740278 0.079890 0.197222 0.154270
