0 0.186298 0.409856 0.367788 0.372596
1 0.460337 0.153846 0.194712 0.177885
1 0.371394 0.614183 0.228365 0.161058
1 0.967548 0.274038 0.064904 0.197115
1 0.594952 0.930288 0.213942 0.134615
1 0.610577 0.435096 0.264423 0.216346
1 0.225962 0.192308 0.216346 0.153846
1 0.716346 0.629808 0.240385 0.173077
1 0.097356 0.069712 0.189904 0.134615
1 0.121394 0.929087 0.237981 0.141827
1 0.436298 0.326923 0.209135 0.139423
1 0.382212 0.974760 0.211538 0.050481
1 0.777644 0.871394 0.247596 0.180288
1 0.427885 0.473558 0.182692 0.153846
1 0.284856 0.019231 0.175481 0.033654
