0 0.817308 0.627404 0.365385 0.360577
1 0.415865 0.870192 0.230769 0.206731
1 0.467548 0.585337 0.276442 0.161058
1 0.216346 0.920673 0.221154 0.158654
1 0.437500 0.394231 0.230769 0.177885
1 0.120192 0.158654 0.230769 0.235577
1 0.878606 0.912260 0.228365 0.170673
1 0.106971 0.682692 0.204327 0.235577
1 0.181490 0.097356 0.209135 0.189904
1 0.649038 0.419471 0.201923 0.170673
1 0.667067 0.082933 0.213942 0.161058
1 0.911058 0.171875 0.177885 0.242788
1 0.275240 0.256010 0.194712 0.112981
1 0.186298 0.585337 0.209135 0.156250
1 0.082933 0.403846 0.161058 0.192308
1 0.138221 0.473558 0.213942 0.182692
1 0.487981 0.681490 0.225962 0.141827
1 0.734375 0.361779 0.165865 0.165865
1 0.822115 0.314904 0.134615 0.225962
1 0.302885 0.344952 0.225962 0.156250
1 0.903846 0.281250 0.192308 0.139423
1 0.496394 0.046875 0.146635 0.088942
