0 0.316106 0.155048 0.367788 0.305288
1 0.064904 0.742788 0.125000 0.173077
1 0.933894 0.079327 0.132212 0.153846
1 0.250000 0.840144 0.144231 0.175481
1 0.546875 0.379808 0.165865 0.221154
1 0.558894 0.929087 0.180288 0.141827
1 0.123798 0.912260 0.170673 0.170673
1 0.469952 0.901442 0.189904 0.197115
1 0.911058 0.614183 0.173077 0.204327
1 0.152644 0.483173 0.161058 0.173077
1 0.048077 0.388221 0.091346 0.209135
2 0.614183 0.064904 0.074519 0.091346
1 0.394231 0.461538 0.163462 0.187500
2 0.138221 0.141827 0.069712 0.100962
1 0.633413 0.414663 0.170673 0.189904
1 0.294471 0.448317 0.161058 0.161058
1 0.795673 0.149038 0.177885 0.173077
1 0.733173 0.056490 0.177885 0.108173
1 0.665865 0.198317 0.149038 0.194712
1 0.112981 0.026442 0.153846 0.048077
1 0.842548 0.473558 0.247596 0.221154
1 0.887019 0.800481 0.197115 0.182692
1 0.020433 0.930288 0.036058 0.139423
1 0.789663 0.271635 0.161058 0.177885
1 0.406250 0.341346 0.163462 0.120192
1 0.676683 0.742788 0.199519 0.225962
1 0.564904 0.015625 0.149038 0.026442
1 0.751202 0.902644 0.141827 0.170673
