1 0.055556 0.465565 0.105556 0.203857
1 0.404167 0.107438 0.225000 0.209366
1 0.858333 0.293388 0.238889 0.234160
1 0.120833 0.928375 0.225000 0.137741
1 0.216667 0.696970 0.227778 0.220386
1 0.962500 0.417355 0.075000 0.228650
1 0.434722 0.827824 0.258333 0.228650
1 0.184722 0.410468 0.208333 0.258953
1 0.869444 0.566116 0.216667 0.212121
1 0.872222 0.035813 0.244444 0.066116
1 0.043056 0.100551 0.080556 0.195592
1 0.969444 0.137741 0.061111 0.225895
2 0.144444 0.274105 0.083333 0.079890
0 0.504167 0.501377 0.425000 0.435262
