1 0.906944 0.480716 0.186111 0.245179
1 0.393056 0.914601 0.219444 0.165289
1 0.604167 0.902204 0.202778 0.195592
1 0.358333 0.668044 0.188889 0.223140
1 0.825000 0.657025 0.272222 0.261708
1 0.933333 0.929752 0.133333 0.134986
1 0.101389 0.265840 0.197222 0.256198
1 0.150000 0.924242 0.211111 0.146006
1 0.270833 0.359504 0.202778 0.250689
1 0.156944 0.067493 0.219444 0.129477
1 0.566667 0.152893 0.238889 0.300275
1 0.420833 0.256198 0.252778 0.231405
1 0.711111 0.185950 0.205556 0.234160
1 0.905556 0.206612 0.188889 0.269972
1 0.769444 0.909091 0.194444 0.181818
1 0.219444 0.655647 0.205556 0.236915
1 0.036111 0.411846 0.066667 0.212121
0 0.506944 0.501377 0.308333 0.303030
1 0.030556 0.783747 0.055556 0.228650
1 0.733333 0.088154 0.277778 0.170799
