1 0.605217 0.092174 0.222609 0.180870
1 0.277391 0.752174 0.259130 0.231304
1 0.102609 0.406087 0.201739 0.224348
1 0.923478 0.540870 0.153043 0.278261
1 0.425217 0.192174 0.245217 0.245217
1 0.774783 0.571304 0.179130 0.262609
1 0.074783 0.754783 0.146087 0.212174
1 0.210435 0.582609 0.177391 0.215652
1 0.614783 0.797391 0.234783 0.227826
1 0.089565 0.965217 0.175652 0.069565
1 0.908696 0.190435 0.182609 0.245217
1 0.798261 0.226957 0.205217 0.231304
1 0.417391 0.940870 0.233043 0.114783
0 0.498261 0.513913 0.401739 0.408696
1 0.038261 0.616522 0.073043 0.266087
1 0.184348 0.207826 0.229565 0.227826
1 0.818261 0.921739 0.224348 0.153043
1 0.520870 0.931304 0.186087 0.137391
1 0.165217 0.096522 0.250435 0.182609
1 0.912174 0.933913 0.175652 0.132174
