0 0.315625 0.154167 0.353125 0.304167
1 0.061719 0.740625 0.120313 0.181250
1 0.248438 0.839583 0.134375 0.183333
1 0.936719 0.081250 0.126562 0.158333
1 0.546094 0.377083 0.160938 0.229167
1 0.042969 0.396875 0.082812 0.202083
1 0.460156 0.898958 0.164062 0.197917
2 0.140625 0.139583 0.068750 0.100000
2 0.614062 0.062500 0.068750 0.091667
1 0.665625 0.200000 0.140625 0.208333
1 0.555469 0.927083 0.160938 0.145833
1 0.917188 0.609375 0.165625 0.206250
1 0.696875 0.748958 0.150000 0.235417
1 0.149219 0.472917 0.160938 0.191667
1 0.394531 0.456250 0.154688 0.195833
1 0.639062 0.410417 0.162500 0.204167
1 0.125000 0.913542 0.165625 0.172917
1 0.293750 0.447917 0.156250 0.170833
1 0.735938 0.057292 0.178125 0.110417
1 0.319531 0.970833 0.139063 0.058333
1 0.117188 0.027083 0.156250 0.050000
1 0.018750 0.930208 0.034375 0.139583
1 0.785156 0.270833 0.148438 0.183333
1 0.883594 0.802083 0.179688 0.191667
1 0.800781 0.161458 0.170313 0.202083
1 0.169531 0.301042 0.160938 0.177083
1 0.807813 0.498958 0.153125 0.189583
1 0.900781 0.438542 0.123438 0.147917
1 0.750781 0.900000 0.123438 0.179167
