1 0.283333 0.238292 0.200000 0.201102
1 0.434722 0.783747 0.202778 0.195592
1 0.711111 0.738292 0.194444 0.220386
1 0.859722 0.921488 0.202778 0.157025
1 0.100000 0.325069 0.194444 0.214876
1 0.197222 0.075758 0.205556 0.146006
1 0.895833 0.579890 0.208333 0.217631
1 0.951389 0.084022 0.097222 0.162534
1 0.056944 0.940771 0.108333 0.118457
1 0.156944 0.527548 0.208333 0.234160
1 0.394444 0.048209 0.200000 0.090909
1 0.825000 0.666667 0.211111 0.220386
1 0.127778 0.758953 0.183333 0.228650
1 0.047222 0.063361 0.088889 0.121212
1 0.318056 0.924242 0.197222 0.151515
1 0.793056 0.257576 0.230556 0.228650
1 0.652778 0.028926 0.205556 0.052342
1 0.972222 0.432507 0.055556 0.214876
1 0.636111 0.928375 0.233333 0.137741
1 0.016667 0.746556 0.027778 0.242424
0 0.505556 0.509642 0.405556 0.352617
1 0.698611 0.982094 0.225000 0.035813
2 0.558333 0.060606 0.072222 0.082645
