1 0.149565 0.960870 0.260870 0.078261
1 0.085217 0.114783 0.166957 0.226087
1 0.260000 0.783478 0.231304 0.259130
1 0.486957 0.084348 0.250435 0.165217
1 0.907826 0.250435 0.184348 0.236522
1 0.218261 0.544348 0.200000 0.212174
1 0.385217 0.944348 0.213913 0.111304
1 0.221739 0.306087 0.266087 0.257391
1 0.610435 0.891304 0.222609 0.217391
1 0.886957 0.833043 0.222609 0.198261
1 0.772174 0.258261 0.194783 0.255652
1 0.031304 0.720000 0.059130 0.215652
1 0.895652 0.524348 0.208696 0.175652
0 0.521739 0.498261 0.389565 0.401739
1 0.826957 0.476522 0.210435 0.236522
1 0.926957 0.717391 0.146087 0.196522
