1 0.313889 0.078512 0.222222 0.151515
1 0.101389 0.241047 0.197222 0.195592
1 0.919444 0.293388 0.161111 0.223140
1 0.654167 0.694215 0.247222 0.242424
1 0.116667 0.617080 0.227778 0.258953
1 0.216667 0.946281 0.216667 0.107438
1 0.775000 0.505510 0.244444 0.228650
1 0.198611 0.411846 0.208333 0.223140
1 0.884722 0.199725 0.213889 0.206612
0 0.504167 0.500000 0.252778 0.272727
1 0.741667 0.895317 0.255556 0.209366
1 0.919444 0.811295 0.161111 0.239669
2 0.231944 0.855372 0.097222 0.096419
2 0.836111 0.022039 0.194444 0.038567
1 0.302778 0.413223 0.155556 0.225895
2 0.116667 0.074380 0.111111 0.115702
1 0.840278 0.842975 0.186111 0.209366
1 0.706944 0.373278 0.141667 0.151515
0 0.045833 0.852617 0.086111 0.294766
