1 0.051389 0.216253 0.097222 0.223140
1 0.359722 0.115702 0.258333 0.225895
1 0.070833 0.943526 0.136111 0.112948
1 0.279167 0.933884 0.258333 0.126722
1 0.929167 0.107438 0.141667 0.209366
1 0.234722 0.714876 0.191667 0.234160
1 0.781944 0.797521 0.219444 0.217631
1 0.911111 0.553719 0.177778 0.253444
1 0.897222 0.304408 0.205556 0.195592
1 0.498611 0.833333 0.236111 0.228650
1 0.813889 0.552342 0.177778 0.267218
1 0.744444 0.117080 0.227778 0.212121
1 0.201389 0.472452 0.202778 0.234160
1 0.144444 0.775482 0.200000 0.223140
0 0.506944 0.498623 0.391667 0.385675
1 0.183333 0.314050 0.244444 0.165289
1 0.720833 0.053719 0.230556 0.101928
