0 0.372656 0.436458 0.351562 0.485417
1 0.835156 0.868750 0.176563 0.237500
1 0.670312 0.547917 0.190625 0.220833
1 0.389062 0.935417 0.153125 0.129167
2 0.714063 0.867708 0.078125 0.106250
1 0.113281 0.933333 0.176563 0.133333
1 0.546875 0.071875 0.156250 0.139583
2 0.233594 0.237500 0.064062 0.087500
1 0.413281 0.113542 0.157812 0.206250
1 0.785937 0.072917 0.168750 0.141667
1 0.653125 0.351042 0.140625 0.177083
1 0.958594 0.609375 0.082812 0.243750
1 0.785156 0.268750 0.151562 0.208333
1 0.455469 0.796875 0.148438 0.210417
1 0.927344 0.078125 0.145313 0.152083
1 0.057813 0.296875 0.112500 0.202083
1 0.304688 0.735417 0.159375 0.187500
1 0.496094 0.950000 0.148438 0.100000
1 0.179688 0.084375 0.128125 0.164583
1 0.211719 0.604167 0.173437 0.200000
1 0.080469 0.026042 0.151562 0.047917
1 0.875781 0.351042 0.151562 0.193750
1 0.071875 0.585417 0.140625 0.216667
1 0.071094 0.460417 0.126562 0.266667
1 0.169531 0.461458 0.110937 0.272917
1 0.778906 0.367708 0.148438 0.172917
1 0.514062 0.215625 0.187500 0.202083
1 0.242188 0.112500 0.140625 0.179167
1 0.246875 0.844792 0.153125 0.172917
1 0.551562 0.754167 0.178125 0.166667
