1 0.289663 0.691106 0.218750 0.233173
0 0.683894 0.326923 0.382212 0.240385
1 0.493990 0.686298 0.194712 0.199519
1 0.081731 0.603365 0.158654 0.187500
1 0.431490 0.879808 0.233173 0.177885
1 0.764423 0.537260 0.240385 0.189904
1 0.841346 0.168269 0.206731 0.163462
1 0.338942 0.397837 0.211538 0.156250
1 0.116587 0.127404 0.209135 0.158654
1 0.522837 0.111779 0.233173 0.213942
1 0.302885 0.239183 0.192308 0.189904
1 0.937500 0.743990 0.125000 0.156250
1 0.725962 0.870192 0.206731 0.187500
1 0.104567 0.442308 0.204327 0.163462
0 0.664663 0.371394 0.449519 0.377404
1 0.098558 0.858173 0.192308 0.139423
1 0.109375 0.972356 0.180288 0.055288
1 0.104567 0.283654 0.204327 0.158654
1 0.890625 0.969952 0.218750 0.060096
1 0.834135 0.792067 0.211538 0.204327
1 0.937500 0.587740 0.125000 0.156250
1 0.377404 0.224760 0.182692 0.204327
1 0.067308 0.752404 0.129808 0.120192
1 0.497596 0.972356 0.250000 0.055288
1 0.850962 0.042067 0.254808 0.079327
1 0.215144 0.481971 0.199519 0.146635
