1 0.681739 0.114783 0.257391 0.226087
1 0.905217 0.850435 0.189565 0.219130
1 0.045217 0.500870 0.086957 0.274783
1 0.900000 0.213043 0.196522 0.224348
1 0.123478 0.409565 0.208696 0.262609
1 0.805217 0.423478 0.226087 0.213913
1 0.522609 0.903478 0.255652 0.189565
1 0.646087 0.653043 0.252174 0.248696
1 0.368696 0.739130 0.208696 0.260870
1 0.773913 0.754783 0.205217 0.236522
1 0.235652 0.133043 0.248696 0.231304
0 0.505217 0.504348 0.307826 0.365217
1 0.506087 0.240870 0.201739 0.280000
1 0.336522 0.384348 0.220870 0.271304
