1 0.195833 0.415978 0.202778 0.203857
1 0.073611 0.253444 0.141667 0.231405
1 0.897222 0.410468 0.205556 0.214876
1 0.861111 0.891185 0.227778 0.217631
1 0.790278 0.650138 0.175000 0.220386
1 0.162500 0.078512 0.247222 0.151515
1 0.338889 0.800275 0.222222 0.223140
1 0.176389 0.634986 0.230556 0.234160
1 0.393056 0.173554 0.247222 0.242424
1 0.943056 0.625344 0.113889 0.275482
1 0.718056 0.256198 0.241667 0.242424
1 0.611111 0.869146 0.233333 0.250689
1 0.700000 0.765840 0.205556 0.181818
1 0.419444 0.954545 0.233333 0.090909
1 0.958333 0.188705 0.083333 0.217631
1 0.026389 0.841598 0.047222 0.245179
1 0.901389 0.115702 0.191667 0.225895
1 0.804167 0.068871 0.230556 0.132231
2 0.193056 0.260331 0.097222 0.096419
2 0.445833 0.026171 0.130556 0.046832
1 0.031944 0.442149 0.058333 0.146006
0 0.504167 0.526171 0.419444 0.424242
1 0.029167 0.578512 0.052778 0.203857
