1 0.782609 0.100870 0.267826 0.198261
1 0.775652 0.560000 0.191304 0.257391
1 0.743478 0.910435 0.224348 0.179130
1 0.249565 0.885217 0.213913 0.222609
1 0.723478 0.318261 0.271304 0.233043
1 0.194783 0.496522 0.208696 0.266087
1 0.096522 0.320000 0.189565 0.236522
1 0.922609 0.706087 0.154783 0.187826
1 0.950435 0.332174 0.099130 0.246957
1 0.490435 0.946087 0.302609 0.100870
1 0.070435 0.903478 0.137391 0.189565
1 0.959130 0.875652 0.081739 0.213913
0 0.474783 0.568696 0.417391 0.466087
1 0.933043 0.569565 0.133913 0.186087
1 0.276522 0.171304 0.208696 0.182609
1 0.345217 0.268696 0.213913 0.196522
