1 0.048696 0.292174 0.093913 0.267826
1 0.960870 0.786957 0.078261 0.255652
1 0.803478 0.791304 0.198261 0.274783
1 0.899130 0.520000 0.198261 0.250435
1 0.342609 0.691304 0.246957 0.238261
1 0.400870 0.127826 0.227826 0.252174
1 0.040870 0.673913 0.078261 0.224348
1 0.106087 0.900000 0.205217 0.200000
1 0.270435 0.218261 0.245217 0.273043
1 0.460000 0.927826 0.224348 0.140870
1 0.960000 0.179130 0.080000 0.292174
1 0.570435 0.777391 0.267826 0.243478
1 0.703478 0.971304 0.255652 0.057391
1 0.226957 0.893913 0.161739 0.205217
0 0.564348 0.481739 0.457391 0.445217
