0 0.469531 0.565625 0.304688 0.414583
1 0.070312 0.088542 0.137500 0.172917
1 0.878906 0.541667 0.157812 0.216667
1 0.107813 0.844792 0.168750 0.210417
1 0.689844 0.197917 0.157812 0.208333
1 0.664062 0.087500 0.159375 0.170833
1 0.557031 0.250000 0.148438 0.212500
1 0.212500 0.426042 0.178125 0.210417
1 0.443750 0.091667 0.159375 0.179167
2 0.832031 0.650000 0.048438 0.066667
1 0.966406 0.195833 0.067187 0.254167
1 0.871094 0.772917 0.182812 0.212500
1 0.205469 0.975000 0.154688 0.050000
1 0.139844 0.670833 0.135937 0.212500
1 0.068750 0.490625 0.134375 0.210417
1 0.528125 0.028125 0.162500 0.052083
1 0.750000 0.878125 0.168750 0.243750
1 0.275781 0.806250 0.142187 0.237500
1 0.353125 0.896875 0.140625 0.206250
1 0.253125 0.606250 0.137500 0.187500
1 0.253906 0.084375 0.182812 0.164583
1 0.876563 0.316667 0.193750 0.204167
1 0.433594 0.267708 0.142187 0.185417
