1 0.080870 0.574783 0.158261 0.262609
1 0.417391 0.862609 0.281739 0.274783
1 0.186957 0.306957 0.241739 0.266087
1 0.093043 0.903478 0.182609 0.193043
1 0.256522 0.637391 0.224348 0.273043
1 0.769565 0.119130 0.248696 0.234783
1 0.800000 0.613913 0.222609 0.253913
1 0.687826 0.939130 0.262609 0.121739
1 0.613913 0.774783 0.257391 0.255652
1 0.180000 0.949565 0.311304 0.100870
1 0.181739 0.040870 0.259130 0.078261
0 0.539130 0.432174 0.480000 0.582609
1 0.040000 0.380870 0.076522 0.194783
1 0.958261 0.094783 0.083478 0.186087
1 0.959130 0.661739 0.081739 0.238261
1 0.923478 0.958261 0.149565 0.083478
1 0.054783 0.135652 0.106087 0.177391
