0 0.363281 0.393750 0.357812 0.470833
1 0.519531 0.119792 0.179688 0.222917
1 0.346094 0.813542 0.157812 0.197917
1 0.700781 0.716667 0.179688 0.220833
1 0.116406 0.301042 0.160938 0.214583
1 0.514844 0.748958 0.164062 0.218750
1 0.229687 0.934375 0.175000 0.131250
1 0.089063 0.109375 0.165625 0.193750
1 0.082031 0.765625 0.160938 0.227083
1 0.207031 0.662500 0.167187 0.212500
1 0.682813 0.234375 0.137500 0.193750
1 0.882031 0.884375 0.167187 0.214583
1 0.261719 0.081250 0.185938 0.158333
1 0.440625 0.927083 0.156250 0.145833
1 0.659375 0.485417 0.162500 0.229167
2 0.792969 0.489583 0.117188 0.145833
2 0.767188 0.128125 0.075000 0.093750
1 0.671875 0.950000 0.162500 0.100000
1 0.768750 0.043750 0.165625 0.083333
1 0.974219 0.198958 0.051562 0.172917
1 0.955469 0.052083 0.089063 0.100000
1 0.039844 0.455208 0.076563 0.227083
1 0.018750 0.920833 0.034375 0.150000
1 0.951562 0.589583 0.096875 0.212500
1 0.603125 0.282292 0.093750 0.168750
1 0.371875 0.676042 0.131250 0.110417
