1 0.052778 0.420110 0.100000 0.228650
1 0.486111 0.891185 0.205556 0.206612
1 0.111111 0.084022 0.216667 0.162534
1 0.936111 0.692837 0.127778 0.212121
1 0.943056 0.319559 0.113889 0.242424
1 0.823611 0.505510 0.236111 0.239669
1 0.804167 0.840220 0.230556 0.220386
1 0.787500 0.166667 0.236111 0.228650
1 0.512500 0.060606 0.230556 0.115702
1 0.351389 0.909091 0.241667 0.181818
1 0.176389 0.669421 0.236111 0.231405
1 0.334722 0.173554 0.258333 0.225895
1 0.100000 0.928375 0.194444 0.143251
1 0.563889 0.778237 0.244444 0.212121
0 0.504167 0.513774 0.397222 0.371901
1 0.627778 0.980716 0.244444 0.038567
1 0.087500 0.975207 0.169444 0.049587
2 0.850000 0.655647 0.061111 0.038567
