1 0.913889 0.289256 0.172222 0.220386
1 0.077778 0.473829 0.150000 0.209366
1 0.148611 0.089532 0.225000 0.173554
1 0.509722 0.199725 0.213889 0.239669
1 0.070833 0.250689 0.136111 0.220386
1 0.577778 0.046832 0.216667 0.088154
1 0.108333 0.714876 0.211111 0.234160
1 0.795833 0.089532 0.230556 0.173554
1 0.237500 0.599174 0.202778 0.212121
1 0.193056 0.858127 0.225000 0.245179
1 0.706944 0.293388 0.236111 0.228650
1 0.470833 0.840220 0.208333 0.203857
1 0.597222 0.807163 0.188889 0.192837
1 0.981944 0.904959 0.036111 0.184573
1 0.019444 0.867769 0.033333 0.236915
1 0.826389 0.893939 0.247222 0.201102
0 0.511111 0.528926 0.394444 0.358127
1 0.984722 0.473829 0.030556 0.192837
1 0.827778 0.792011 0.227778 0.173554
