1 0.114783 0.495652 0.226087 0.229565
1 0.080000 0.846957 0.156522 0.215652
1 0.862609 0.119130 0.222609 0.234783
1 0.146087 0.257391 0.240000 0.257391
1 0.382609 0.090435 0.271304 0.177391
1 0.905217 0.580000 0.189565 0.280000
1 0.229565 0.703478 0.222609 0.255652
1 0.196522 0.947826 0.226087 0.104348
1 0.958261 0.235652 0.083478 0.227826
1 0.416522 0.918261 0.217391 0.160000
1 0.650435 0.247826 0.219130 0.252174
1 0.650435 0.060000 0.201739 0.116522
1 0.891304 0.863478 0.217391 0.234783
0 0.521739 0.536522 0.459130 0.446957
