1 0.806957 0.444348 0.246957 0.266087
1 0.606087 0.849565 0.259130 0.248696
1 0.948696 0.834783 0.102609 0.246957
1 0.444348 0.233043 0.262609 0.236522
1 0.895652 0.185217 0.198261 0.248696
1 0.793913 0.694783 0.273043 0.245217
1 0.181739 0.945217 0.293913 0.109565
1 0.826087 0.040870 0.253913 0.078261
1 0.188696 0.155652 0.273043 0.241739
1 0.935652 0.471304 0.128696 0.257391
1 0.297391 0.793043 0.253913 0.285217
0 0.496522 0.501739 0.304348 0.360000
1 0.363478 0.057391 0.313043 0.111304
1 0.075652 0.557391 0.147826 0.259130
1 0.086087 0.780870 0.168696 0.219130
1 0.086957 0.165217 0.170435 0.271304
1 0.384348 0.724348 0.222609 0.224348
2 0.176522 0.473913 0.095652 0.088696
