1 0.908333 0.636364 0.183333 0.220386
1 0.954167 0.933884 0.091667 0.132231
1 0.763889 0.949036 0.238889 0.101928
1 0.112500 0.573003 0.219444 0.253444
1 0.855556 0.096419 0.233333 0.187328
1 0.151389 0.258953 0.252778 0.242424
1 0.695833 0.225895 0.269444 0.253444
1 0.536111 0.935262 0.222222 0.129477
1 0.706944 0.774105 0.225000 0.242424
1 0.965278 0.360882 0.069444 0.231405
1 0.593056 0.071625 0.263889 0.137741
1 0.413889 0.165289 0.277778 0.247934
1 0.123611 0.842975 0.213889 0.214876
1 0.241667 0.793388 0.222222 0.225895
1 0.398611 0.856749 0.230556 0.286501
1 0.066667 0.075758 0.127778 0.140496
1 0.833333 0.561983 0.205556 0.220386
0 0.500000 0.498623 0.461111 0.435262
