1 0.200721 0.171875 0.213942 0.233173
0 0.710337 0.681490 0.406250 0.439904
1 0.609375 0.947115 0.175481 0.105769
1 0.930288 0.144231 0.139423 0.206731
1 0.052885 0.264423 0.100962 0.192308
1 0.849760 0.317308 0.175481 0.206731
1 0.139423 0.396635 0.192308 0.221154
1 0.609375 0.082933 0.185096 0.161058
1 0.501202 0.818510 0.185096 0.223558
1 0.194712 0.620192 0.187500 0.216346
1 0.950721 0.509615 0.098558 0.201923
1 0.516827 0.468750 0.173077 0.221154
1 0.348558 0.948317 0.201923 0.103365
1 0.181490 0.746394 0.199519 0.213942
1 0.524038 0.242788 0.182692 0.187500
1 0.155048 0.936298 0.185096 0.127404
1 0.731971 0.189904 0.141827 0.168269
2 0.691106 0.286058 0.064904 0.067308
1 0.665865 0.382212 0.197115 0.153846
1 0.847356 0.921875 0.185096 0.156250
2 0.252404 0.474760 0.072115 0.074519
1 0.951923 0.775240 0.096154 0.213942
1 0.389423 0.618990 0.187500 0.290865
1 0.963942 0.855769 0.072115 0.225962
1 0.795673 0.080529 0.129808 0.156250
1 0.471154 0.204327 0.144231 0.187500
