1 0.915652 0.888696 0.168696 0.222609
1 0.669565 0.865217 0.260870 0.248696
1 0.822609 0.453913 0.215652 0.271304
1 0.152174 0.318261 0.231304 0.253913
1 0.168696 0.673913 0.264348 0.210435
1 0.046087 0.851304 0.088696 0.269565
1 0.132174 0.086087 0.243478 0.168696
1 0.922609 0.631304 0.154783 0.278261
1 0.233913 0.887826 0.269565 0.224348
1 0.581739 0.137391 0.248696 0.267826
1 0.888696 0.151304 0.219130 0.212174
1 0.325217 0.940870 0.260870 0.118261
1 0.351304 0.055652 0.236522 0.107826
0 0.454783 0.495652 0.523478 0.455652
