0 0.305469 0.221875 0.404687 0.439583
1 0.795312 0.300000 0.175000 0.220833
1 0.953906 0.689583 0.092188 0.237500
1 0.600781 0.938542 0.170313 0.122917
1 0.718750 0.887500 0.168750 0.220833
1 0.050781 0.219792 0.098437 0.218750
1 0.365625 0.685417 0.162500 0.216667
1 0.718750 0.626042 0.190625 0.239583
1 0.046094 0.857292 0.089063 0.181250
1 0.532813 0.057292 0.168750 0.110417
1 0.129688 0.937500 0.153125 0.125000
1 0.300781 0.903125 0.151562 0.181250
1 0.092188 0.657292 0.175000 0.214583
1 0.571875 0.250000 0.184375 0.229167
1 0.446094 0.802083 0.185938 0.216667
2 0.082031 0.513542 0.054688 0.064583
1 0.686719 0.097917 0.154688 0.191667
2 0.959375 0.852083 0.062500 0.083333
1 0.038281 0.458333 0.073438 0.195833
1 0.462500 0.538542 0.175000 0.239583
1 0.937500 0.334375 0.125000 0.239583
1 0.629687 0.421875 0.146875 0.202083
1 0.260156 0.810417 0.151562 0.200000
1 0.857031 0.101042 0.201563 0.189583
1 0.581250 0.573958 0.106250 0.202083
1 0.180469 0.527083 0.126562 0.191667
1 0.149219 0.397917 0.154688 0.162500
