1 0.159722 0.195592 0.186111 0.225895
1 0.709722 0.746556 0.208333 0.198347
1 0.713889 0.214876 0.233333 0.209366
1 0.390278 0.954545 0.230556 0.090909
1 0.358333 0.099174 0.205556 0.192837
1 0.826389 0.915978 0.225000 0.168044
1 0.040278 0.128099 0.075000 0.239669
1 0.058333 0.568871 0.111111 0.294766
1 0.894444 0.612948 0.211111 0.261708
1 0.633333 0.938017 0.177778 0.123967
1 0.259722 0.790634 0.219444 0.236915
1 0.095833 0.960055 0.186111 0.079890
1 0.183333 0.435262 0.233333 0.220386
1 0.786111 0.420110 0.205556 0.234160
1 0.937500 0.341598 0.125000 0.253444
1 0.754167 0.048209 0.280556 0.090909
1 0.979167 0.203857 0.041667 0.214876
0 0.504167 0.500000 0.380556 0.382920
