1 0.423611 0.095041 0.213889 0.184573
1 0.647222 0.108815 0.227778 0.212121
1 0.797222 0.279614 0.255556 0.256198
1 0.059722 0.902204 0.113889 0.184573
1 0.956944 0.877410 0.086111 0.223140
1 0.066667 0.085399 0.127778 0.165289
1 0.388889 0.800275 0.205556 0.217631
1 0.597222 0.796143 0.200000 0.231405
1 0.801389 0.827824 0.202778 0.195592
1 0.818056 0.606061 0.230556 0.247934
1 0.894444 0.084022 0.183333 0.162534
1 0.036111 0.695592 0.066667 0.212121
1 0.237500 0.661157 0.219444 0.231405
1 0.730556 0.964187 0.233333 0.071625
1 0.198611 0.460055 0.208333 0.220386
1 0.222222 0.030303 0.272222 0.055096
1 0.445833 0.246556 0.297222 0.146006
0 0.500000 0.502755 0.377778 0.366391
1 0.143056 0.988981 0.219444 0.022039
2 0.200000 0.316804 0.088889 0.110193
