1 0.370435 0.098261 0.299130 0.193043
1 0.864348 0.380000 0.240000 0.234783
1 0.832174 0.603478 0.200000 0.201739
1 0.923478 0.899130 0.153043 0.198261
1 0.253043 0.767826 0.248696 0.231304
1 0.461739 0.888696 0.227826 0.219130
1 0.209565 0.936522 0.231304 0.123478
1 0.838261 0.191304 0.222609 0.233043
1 0.095652 0.606957 0.187826 0.229565
1 0.051304 0.841739 0.099130 0.288696
1 0.696522 0.798261 0.210435 0.173913
1 0.627826 0.194783 0.208696 0.236522
1 0.124348 0.062609 0.238261 0.121739
1 0.159130 0.188696 0.217391 0.269565
1 0.713043 0.909565 0.212174 0.180870
0 0.508696 0.492174 0.408696 0.584348
