1 0.160000 0.126087 0.212174 0.241739
1 0.088696 0.360000 0.173913 0.257391
1 0.521739 0.117391 0.222609 0.227826
1 0.885217 0.438261 0.226087 0.240000
1 0.821739 0.050435 0.227826 0.097391
1 0.265217 0.367826 0.196522 0.314783
1 0.695652 0.868696 0.243478 0.262609
1 0.909565 0.843478 0.180870 0.257391
1 0.052174 0.587826 0.100870 0.264348
1 0.172174 0.735652 0.253913 0.271304
1 0.966957 0.063478 0.066087 0.123478
1 0.085217 0.843478 0.166957 0.274783
1 0.188696 0.944348 0.189565 0.107826
1 0.958261 0.746957 0.083478 0.269565
1 0.758261 0.218261 0.243478 0.234783
1 0.892174 0.206957 0.215652 0.226087
1 0.623478 0.297391 0.234783 0.215652
0 0.530435 0.503478 0.431304 0.433043
1 0.317391 0.956522 0.196522 0.086957
