0 0.552885 0.233173 0.293269 0.408654
1 0.908654 0.106971 0.182692 0.199519
1 0.675481 0.537260 0.187500 0.218750
1 0.346154 0.823317 0.216346 0.237981
1 0.925481 0.677885 0.149038 0.250000
1 0.600962 0.926683 0.201923 0.146635
1 0.324519 0.143029 0.182692 0.233173
1 0.359375 0.474760 0.180288 0.247596
1 0.216346 0.967548 0.177885 0.064904
1 0.076923 0.354567 0.149038 0.223558
1 0.828125 0.919471 0.242788 0.156250
1 0.973558 0.477163 0.052885 0.242788
1 0.140625 0.844952 0.165865 0.276442
1 0.802885 0.064904 0.177885 0.125000
1 0.111779 0.031250 0.199519 0.057692
1 0.792067 0.919471 0.170673 0.161058
1 0.873798 0.331731 0.170673 0.269231
1 0.700721 0.328125 0.132212 0.194712
1 0.551683 0.695913 0.170673 0.233173
1 0.688702 0.769231 0.146635 0.197115
1 0.222356 0.659856 0.165865 0.185096
1 0.061298 0.585337 0.117788 0.209135
1 0.141827 0.158654 0.182692 0.211538
