1 0.773611 0.336088 0.219444 0.192837
1 0.077778 0.914601 0.150000 0.170799
1 0.780556 0.537190 0.200000 0.198347
1 0.911111 0.078512 0.177778 0.151515
1 0.940278 0.480716 0.119444 0.228650
1 0.125000 0.213499 0.211111 0.228650
1 0.963889 0.256198 0.072222 0.209366
1 0.041667 0.588154 0.077778 0.217631
1 0.154167 0.721763 0.208333 0.231405
1 0.601389 0.056474 0.252778 0.107438
1 0.593056 0.907713 0.247222 0.184573
1 0.361111 0.951791 0.211111 0.096419
1 0.350000 0.227273 0.227778 0.250689
1 0.733333 0.741047 0.227778 0.203857
1 0.204167 0.541322 0.241667 0.212121
1 0.904167 0.750689 0.191667 0.239669
1 0.587500 0.216253 0.230556 0.212121
2 0.305556 0.790634 0.094444 0.093664
0 0.505556 0.502755 0.322222 0.360882
