0 0.812500 0.425481 0.370192 0.298077
1 0.320913 0.861779 0.257212 0.199519
1 0.225962 0.695913 0.216346 0.161058
1 0.634615 0.730769 0.225962 0.206731
1 0.313702 0.492788 0.194712 0.158654
1 0.085337 0.849760 0.165865 0.185096
1 0.078125 0.082933 0.151442 0.156250
1 0.072115 0.569712 0.139423 0.192308
1 0.532452 0.268029 0.213942 0.180288
1 0.409856 0.123798 0.180288 0.213942
1 0.878606 0.070913 0.213942 0.137019
1 0.177885 0.387019 0.216346 0.153846
1 0.868990 0.936298 0.228365 0.127404
1 0.032452 0.262019 0.060096 0.139423
0 0.759615 0.412260 0.480769 0.310096
1 0.429087 0.966346 0.209135 0.067308
1 0.866587 0.770433 0.213942 0.170673
1 0.465144 0.564904 0.271635 0.187500
1 0.204327 0.253606 0.235577 0.165865
1 0.022837 0.408654 0.040865 0.134615
1 0.044471 0.670673 0.084135 0.144231
1 0.877404 0.586538 0.245192 0.182692
