1 0.094783 0.723478 0.186087 0.236522
1 0.779130 0.650435 0.233043 0.243478
1 0.480000 0.104348 0.233043 0.205217
1 0.422609 0.786087 0.236522 0.222609
1 0.164348 0.502609 0.231304 0.260870
1 0.220000 0.932174 0.245217 0.135652
1 0.895652 0.253913 0.208696 0.250435
1 0.708696 0.149565 0.231304 0.219130
1 0.666957 0.853043 0.259130 0.280000
1 0.190435 0.258261 0.241739 0.231304
1 0.846957 0.036522 0.264348 0.069565
1 0.321739 0.238261 0.205217 0.278261
1 0.793043 0.965217 0.246957 0.069565
1 0.625217 0.042609 0.273043 0.081739
0 0.527826 0.468696 0.415652 0.426087
2 0.260000 0.096522 0.078261 0.053913
