0 0.576923 0.856971 0.370192 0.286058
1 0.175481 0.882212 0.163462 0.197115
1 0.481971 0.106971 0.175481 0.209135
1 0.302885 0.373798 0.211538 0.199519
1 0.429087 0.560096 0.156250 0.197115
1 0.472356 0.368990 0.185096 0.223558
1 0.340144 0.896635 0.175481 0.206731
1 0.311298 0.048077 0.180288 0.091346
1 0.688702 0.687500 0.180288 0.201923
1 0.087740 0.091346 0.170673 0.177885
1 0.049279 0.472356 0.093750 0.233173
1 0.641827 0.135817 0.177885 0.233173
1 0.152644 0.677885 0.170673 0.187500
1 0.241587 0.163462 0.180288 0.240385
1 0.058894 0.929087 0.112981 0.141827
1 0.961538 0.091346 0.076923 0.177885
1 0.022837 0.705529 0.040865 0.189904
1 0.195913 0.581731 0.146635 0.187500
1 0.884615 0.424279 0.182692 0.194712
1 0.870192 0.692308 0.173077 0.177885
1 0.718750 0.414663 0.115385 0.218750
1 0.638221 0.527644 0.132212 0.170673
1 0.842548 0.890625 0.209135 0.218750
1 0.879808 0.306490 0.177885 0.213942
1 0.944712 0.251202 0.110577 0.218750
