1 0.901442 0.424279 0.197115 0.165865
1 0.348558 0.272837 0.197115 0.170673
1 0.455529 0.072115 0.209135 0.139423
1 0.733173 0.424279 0.211538 0.180288
1 0.199519 0.538462 0.211538 0.177885
1 0.087740 0.233173 0.170673 0.153846
1 0.590144 0.811298 0.199519 0.161058
1 0.061298 0.836538 0.117788 0.163462
1 0.129808 0.069712 0.206731 0.134615
1 0.455529 0.585337 0.180288 0.185096
1 0.069712 0.383413 0.134615 0.156250
2 0.551683 0.653846 0.074519 0.072115
2 0.627404 0.019231 0.110577 0.033654
1 0.710337 0.159856 0.266827 0.151442
0 0.841346 0.693510 0.317308 0.367788
1 0.388221 0.695913 0.237981 0.165865
1 0.240385 0.796875 0.192308 0.108173
1 0.182692 0.710337 0.173077 0.132212
1 0.054087 0.555288 0.103365 0.125000
1 0.268029 0.149038 0.199519 0.120192
1 0.939904 0.239183 0.120192 0.117788
1 0.925481 0.141827 0.149038 0.163462
1 0.822115 0.944712 0.211538 0.110577
1 0.635817 0.932692 0.170673 0.129808
1 0.463942 0.943510 0.225962 0.112981
