1 0.0798074 0.10621 0.159615 0.211101
1 0.31499 0.537398 0.174091 0.220048
0 0.504442 0.817937 0.344717 0.364126
1 0.0799344 0.887622 0.159869 0.213566
1 0.108034 0.640655 0.18391 0.223551
1 0.66861 0.0812874 0.168508 0.162575
1 0.735288 0.506834 0.173427 0.212965
1 0.848117 0.1033 0.178093 0.2066
1 0.199118 0.393062 0.145076 0.191894
1 0.273446 0.938531 0.148881 0.122938
1 0.944327 0.736857 0.111347 0.224492
1 0.236426 0.156458 0.173369 0.249272
1 0.951714 0.268361 0.0965727 0.211782
1 0.507935 0.327692 0.191473 0.250393
1 0.767505 0.803332 0.16046 0.21675
1 0.276843 0.767752 0.165844 0.195074
2 0.333777 0.234107 0.085391 0.102236
1 0.536936 0.55424 0.197036 0.199498
1 0.533326 0.165133 0.175312 0.208326
2 0.376167 0.0504793 0.0807368 0.0917098
1 0.0312428 0.338638 0.0605631 0.217616
2 0.0268686 0.745799 0.0537371 0.0881713
1 0.849538 0.859109 0.180928 0.222672
1 0.90988 0.982751 0.170215 0.0344975
