1 0.081944 0.146006 0.158333 0.220386
1 0.916667 0.066116 0.166667 0.126722
1 0.456944 0.071625 0.236111 0.137741
1 0.087500 0.690083 0.169444 0.272727
1 0.708333 0.304408 0.227778 0.234160
1 0.825000 0.885675 0.227778 0.223140
1 0.105556 0.348485 0.200000 0.184573
1 0.708333 0.095041 0.222222 0.184573
1 0.347222 0.933884 0.233333 0.132231
1 0.233333 0.515152 0.172222 0.269972
1 0.797222 0.531680 0.200000 0.203857
1 0.618056 0.915978 0.197222 0.168044
1 0.445833 0.750689 0.286111 0.261708
1 0.345833 0.307163 0.230556 0.223140
1 0.955556 0.947658 0.088889 0.104683
1 0.972222 0.676309 0.055556 0.239669
1 0.452778 0.243802 0.255556 0.179063
0 0.504167 0.498623 0.386111 0.374656
