0 0.243990 0.560096 0.415865 0.307692
2 0.700721 0.510817 0.088942 0.079327
2 0.580529 0.349760 0.079327 0.064904
1 0.790865 0.246394 0.206731 0.189904
1 0.933894 0.487981 0.132212 0.149038
1 0.868990 0.450721 0.189904 0.185096
1 0.449519 0.907452 0.187500 0.180288
1 0.170673 0.180288 0.192308 0.177885
1 0.647837 0.162260 0.213942 0.170673
1 0.956731 0.286058 0.086538 0.187500
1 0.046875 0.170673 0.088942 0.139423
1 0.968750 0.134615 0.062500 0.206731
1 0.459135 0.060096 0.187500 0.115385
1 0.668269 0.891827 0.221154 0.197115
1 0.129808 0.348558 0.254808 0.182692
1 0.052885 0.856971 0.100962 0.156250
1 0.561298 0.788462 0.194712 0.129808
1 0.757212 0.715144 0.211538 0.151442
1 0.901442 0.640625 0.197115 0.180288
1 0.878606 0.926683 0.242788 0.146635
1 0.542067 0.454327 0.161058 0.144231
1 0.423077 0.375000 0.221154 0.173077
1 0.811298 0.067308 0.218750 0.129808
1 0.153846 0.026442 0.250000 0.048077
