1 0.058333 0.398072 0.111111 0.217631
1 0.283333 0.121212 0.205556 0.181818
1 0.951389 0.101928 0.097222 0.198347
1 0.815278 0.926997 0.269444 0.146006
1 0.066667 0.947658 0.127778 0.104683
1 0.525000 0.092287 0.244444 0.179063
1 0.241667 0.615702 0.211111 0.228650
1 0.509722 0.837466 0.241667 0.225895
1 0.030556 0.779614 0.055556 0.214876
1 0.186111 0.826446 0.233333 0.220386
1 0.886111 0.787879 0.227778 0.203857
1 0.870833 0.311295 0.236111 0.231405
1 0.311111 0.319559 0.222222 0.209366
1 0.794444 0.535813 0.233333 0.206612
1 0.683333 0.322314 0.194444 0.214876
1 0.972222 0.650138 0.055556 0.220386
1 0.143056 0.031680 0.230556 0.057851
1 0.391667 0.971074 0.233333 0.057851
1 0.611111 0.971074 0.200000 0.057851
0 0.501389 0.502755 0.297222 0.322314
1 0.736111 0.016529 0.238889 0.027548
