1 0.216667 0.336088 0.177778 0.192837
1 0.315278 0.869146 0.197222 0.179063
1 0.806944 0.625344 0.197222 0.198347
1 0.900000 0.314050 0.200000 0.214876
1 0.183333 0.787879 0.200000 0.187328
1 0.206944 0.596419 0.186111 0.212121
1 0.086111 0.593664 0.166667 0.212121
1 0.076389 0.243802 0.147222 0.223140
1 0.775000 0.422865 0.194444 0.201102
1 0.837500 0.228650 0.202778 0.187328
1 0.629167 0.239669 0.219444 0.220386
1 0.973611 0.168044 0.052778 0.198347
1 0.962500 0.683196 0.075000 0.220386
1 0.129167 0.962810 0.208333 0.074380
1 0.340278 0.968320 0.202778 0.063361
1 0.936111 0.900826 0.127778 0.192837
1 0.887500 0.833333 0.175000 0.217631
1 0.093056 0.137741 0.180556 0.181818
1 0.933333 0.030303 0.133333 0.055096
1 0.023611 0.918733 0.041667 0.162534
1 0.041667 0.465565 0.077778 0.209366
1 0.600000 0.925620 0.222222 0.148760
1 0.808333 0.979339 0.227778 0.041322
1 0.584722 0.823691 0.247222 0.225895
1 0.162500 0.015152 0.241667 0.024793
0 0.504167 0.504132 0.386111 0.446281
