1 0.122222 0.097796 0.238889 0.190083
1 0.795833 0.118457 0.219444 0.231405
1 0.076389 0.300275 0.147222 0.203857
1 0.286111 0.275482 0.233333 0.231405
1 0.898611 0.881543 0.202778 0.236915
1 0.504167 0.877410 0.197222 0.217631
1 0.177778 0.506887 0.200000 0.220386
1 0.830556 0.640496 0.255556 0.278237
1 0.616667 0.834711 0.222222 0.225895
2 0.068056 0.771350 0.130556 0.143251
1 0.025000 0.898072 0.044444 0.203857
1 0.451389 0.084022 0.219444 0.162534
1 0.341667 0.064738 0.188889 0.123967
1 0.847222 0.376033 0.222222 0.223140
1 0.268056 0.896694 0.213889 0.206612
1 0.036111 0.480716 0.066667 0.195592
0 0.490278 0.500000 0.386111 0.377410
1 0.170833 0.954545 0.208333 0.090909
1 0.745833 0.336088 0.141667 0.214876
