1 0.075652 0.618261 0.147826 0.325217
1 0.093913 0.906087 0.184348 0.184348
1 0.067826 0.359130 0.132174 0.252174
1 0.926087 0.841739 0.144348 0.243478
1 0.887826 0.472174 0.224348 0.259130
1 0.108696 0.136522 0.213913 0.231304
1 0.933043 0.226957 0.133913 0.266087
1 0.306957 0.263478 0.220870 0.255652
1 0.709565 0.273913 0.240000 0.252174
1 0.293913 0.834783 0.219130 0.229565
1 0.732174 0.971304 0.267826 0.057391
1 0.240000 0.560870 0.198261 0.290435
1 0.738261 0.574783 0.200000 0.339130
1 0.540000 0.138261 0.248696 0.217391
0 0.495652 0.510435 0.379130 0.346087
