1 0.341667 0.073003 0.222222 0.140496
1 0.769444 0.093664 0.200000 0.181818
1 0.363889 0.823691 0.200000 0.209366
1 0.094444 0.263085 0.183333 0.212121
1 0.300000 0.264463 0.200000 0.203857
1 0.180556 0.439394 0.188889 0.195592
1 0.833333 0.413223 0.205556 0.165289
1 0.913889 0.239669 0.172222 0.220386
1 0.948611 0.763085 0.102778 0.198347
1 0.154167 0.874656 0.186111 0.195592
1 0.776389 0.670799 0.213889 0.217631
1 0.040278 0.446281 0.075000 0.192837
1 0.834722 0.899449 0.225000 0.201102
1 0.597222 0.815427 0.227778 0.220386
1 0.913889 0.030303 0.172222 0.055096
1 0.151389 0.767218 0.180556 0.146006
1 0.944444 0.639118 0.111111 0.165289
1 0.019444 0.793388 0.033333 0.242424
1 0.231944 0.984848 0.230556 0.030303
2 0.569444 0.097796 0.072222 0.068871
0 0.498611 0.502755 0.436111 0.421488
