0 0.469952 0.560096 0.290865 0.432692
1 0.881010 0.536058 0.175481 0.206731
1 0.074519 0.087740 0.144231 0.170673
1 0.106971 0.841346 0.180288 0.211538
1 0.217548 0.421875 0.189904 0.204327
1 0.552885 0.251202 0.168269 0.218750
1 0.688702 0.189904 0.156250 0.221154
1 0.871394 0.322115 0.213942 0.216346
1 0.867788 0.786058 0.216346 0.235577
1 0.963942 0.175481 0.072115 0.245192
1 0.667067 0.091346 0.180288 0.177885
1 0.074519 0.495192 0.144231 0.221154
1 0.240385 0.074519 0.177885 0.144231
1 0.431490 0.091346 0.137019 0.168269
1 0.430288 0.252404 0.149038 0.182692
1 0.250000 0.598558 0.144231 0.182692
1 0.277644 0.780048 0.151442 0.213942
1 0.139423 0.667067 0.110577 0.170673
1 0.342548 0.894231 0.137019 0.211538
1 0.754808 0.887019 0.149038 0.216346
