1 0.837500 0.103125 0.162500 0.202083
0 0.175781 0.851042 0.314063 0.293750
1 0.928906 0.277083 0.139063 0.216667
1 0.621875 0.532292 0.178125 0.235417
1 0.625000 0.103125 0.153125 0.202083
1 0.480469 0.167708 0.164062 0.197917
1 0.056250 0.134375 0.109375 0.239583
2 0.828906 0.418750 0.070312 0.087500
1 0.682813 0.855208 0.162500 0.197917
1 0.032813 0.396875 0.062500 0.193750
1 0.915625 0.854167 0.090625 0.183333
1 0.096094 0.528125 0.189062 0.227083
1 0.657031 0.962500 0.142187 0.075000
1 0.835156 0.858333 0.151562 0.229167
1 0.489844 0.051042 0.142187 0.097917
1 0.710156 0.663542 0.151562 0.206250
1 0.710156 0.461458 0.176563 0.235417
1 0.442969 0.601042 0.157812 0.193750
1 0.343750 0.092708 0.159375 0.181250
1 0.362500 0.427083 0.168750 0.204167
1 0.360156 0.684375 0.176563 0.214583
1 0.176563 0.611458 0.168750 0.193750
1 0.056250 0.069792 0.109375 0.127083
1 0.627344 0.250000 0.154688 0.225000
1 0.214062 0.084375 0.153125 0.164583
1 0.542188 0.281250 0.140625 0.145833
1 0.187500 0.277083 0.187500 0.170833
