1 0.113913 0.275652 0.224348 0.325217
1 0.920000 0.231304 0.156522 0.295652
1 0.557391 0.111304 0.224348 0.219130
1 0.311304 0.712174 0.274783 0.269565
1 0.071304 0.783478 0.139130 0.248696
1 0.900870 0.546957 0.198261 0.259130
1 0.221739 0.464348 0.245217 0.264348
1 0.316522 0.069565 0.257391 0.135652
1 0.440870 0.903478 0.206957 0.193043
0 0.551304 0.496522 0.445217 0.433043
1 0.229565 0.890435 0.253913 0.219130
1 0.391304 0.226087 0.240000 0.229565
1 0.735652 0.242609 0.260870 0.241739
1 0.780870 0.686087 0.229565 0.210435
1 0.554783 0.935652 0.250435 0.128696
