1 0.713913 0.139130 0.213913 0.222609
1 0.926087 0.104348 0.147826 0.205217
1 0.931304 0.496522 0.137391 0.227826
1 0.108696 0.233043 0.213913 0.246957
1 0.281739 0.082609 0.212174 0.161739
1 0.340000 0.804348 0.217391 0.262609
1 0.049565 0.472174 0.095652 0.248696
1 0.750435 0.679130 0.224348 0.259130
1 0.336522 0.276522 0.224348 0.222609
1 0.130435 0.838261 0.212174 0.215652
1 0.929565 0.257391 0.140870 0.226087
1 0.163478 0.582609 0.243478 0.257391
1 0.529565 0.880870 0.241739 0.234783
1 0.059130 0.046957 0.114783 0.090435
0 0.454783 0.504348 0.422609 0.441739
