1 0.688889 0.071625 0.205556 0.137741
1 0.944444 0.856749 0.111111 0.203857
1 0.929167 0.487603 0.141667 0.170799
1 0.729167 0.371901 0.163889 0.176309
1 0.520833 0.918733 0.169444 0.157025
1 0.901389 0.714876 0.163889 0.179063
1 0.709722 0.768595 0.180556 0.181818
1 0.076389 0.833333 0.147222 0.157025
1 0.808333 0.936639 0.122222 0.126722
1 0.127778 0.060606 0.144444 0.115702
1 0.161111 0.958678 0.172222 0.082645
1 0.083333 0.228650 0.161111 0.231405
1 0.658333 0.965565 0.194444 0.068871
1 0.530556 0.731405 0.177778 0.168044
2 0.930556 0.283747 0.111111 0.126722
1 0.272222 0.081267 0.155556 0.157025
1 0.229167 0.749311 0.191667 0.203857
1 0.041667 0.953168 0.077778 0.093664
1 0.190278 0.322314 0.152778 0.137741
1 0.923611 0.975207 0.147222 0.049587
1 0.245833 0.392562 0.175000 0.146006
1 0.487500 0.137741 0.191667 0.176309
0 0.502778 0.500000 0.294444 0.300275
1 0.173611 0.668044 0.191667 0.173554
2 0.301389 0.608815 0.069444 0.071625
1 0.443056 0.984848 0.208333 0.030303
1 0.256944 0.515152 0.158333 0.148760
1 0.477778 0.055096 0.205556 0.104683
