1 0.491667 0.161157 0.205556 0.201102
1 0.726389 0.202479 0.186111 0.206612
1 0.068056 0.780992 0.130556 0.206612
1 0.922222 0.732782 0.155556 0.192837
1 0.951389 0.939394 0.097222 0.121212
1 0.811111 0.889807 0.183333 0.187328
1 0.926389 0.239669 0.147222 0.242424
1 0.440278 0.929752 0.202778 0.140496
1 0.072222 0.097796 0.138889 0.190083
1 0.290278 0.165289 0.180556 0.203857
1 0.106944 0.539945 0.208333 0.231405
1 0.091667 0.933884 0.177778 0.132231
1 0.966667 0.651515 0.066667 0.184573
1 0.184722 0.133609 0.186111 0.190083
1 0.175000 0.473829 0.183333 0.242424
1 0.855556 0.476584 0.211111 0.280992
0 0.504167 0.502755 0.386111 0.393939
