1 0.042609 0.208696 0.081739 0.222609
1 0.161739 0.156522 0.198261 0.226087
1 0.150435 0.426087 0.206957 0.267826
0 0.498261 0.461739 0.558261 0.547826
1 0.926087 0.733913 0.147826 0.243478
1 0.106087 0.782609 0.184348 0.208696
1 0.256522 0.866957 0.280000 0.259130
1 0.873043 0.262609 0.233043 0.229565
1 0.626087 0.929565 0.233043 0.140870
1 0.742609 0.769565 0.233043 0.238261
1 0.497391 0.069565 0.264348 0.135652
1 0.099130 0.920870 0.194783 0.158261
1 0.110435 0.624348 0.217391 0.153043
1 0.295652 0.190435 0.219130 0.234783
1 0.732174 0.070435 0.208696 0.137391
1 0.893043 0.086087 0.213913 0.168696
1 0.857391 0.946087 0.222609 0.107826
