1 0.156250 0.248798 0.221154 0.228365
0 0.438702 0.558894 0.223558 0.310096
1 0.667067 0.484375 0.180288 0.189904
1 0.955529 0.057692 0.088942 0.110577
1 0.560096 0.311298 0.187500 0.233173
1 0.082933 0.795673 0.161058 0.153846
1 0.366587 0.259615 0.204327 0.216346
1 0.070913 0.447115 0.137019 0.225962
1 0.961538 0.822115 0.076923 0.230769
1 0.253606 0.844952 0.233173 0.276442
1 0.860577 0.579327 0.201923 0.240385
1 0.311298 0.115385 0.204327 0.201923
1 0.532452 0.099760 0.204327 0.194712
2 0.228365 0.587740 0.120192 0.151442
1 0.603365 0.634615 0.197115 0.177885
1 0.591346 0.953125 0.192308 0.093750
1 0.462740 0.806490 0.209135 0.223558
1 0.682692 0.825721 0.168269 0.199519
2 0.096154 0.102163 0.062500 0.074519
