1 0.063478 0.373913 0.123478 0.236522
1 0.912174 0.826087 0.172174 0.219130
1 0.071304 0.124348 0.139130 0.245217
1 0.500000 0.918261 0.224348 0.163478
1 0.594783 0.116522 0.222609 0.229565
1 0.095652 0.583478 0.187826 0.213913
1 0.733043 0.906957 0.245217 0.182609
1 0.233913 0.426087 0.210435 0.215652
1 0.817391 0.262609 0.246957 0.250435
1 0.840000 0.094783 0.250435 0.186087
1 0.103478 0.808696 0.203478 0.253913
1 0.333913 0.742609 0.253913 0.250435
2 0.148696 0.940000 0.116522 0.109565
0 0.506957 0.487826 0.405217 0.426087
