1 0.156522 0.063478 0.285217 0.123478
1 0.436522 0.166957 0.264348 0.295652
1 0.109565 0.231304 0.215652 0.250435
1 0.353043 0.741739 0.246957 0.283478
1 0.115652 0.478261 0.227826 0.246957
1 0.606087 0.053043 0.297391 0.102609
1 0.876522 0.063478 0.243478 0.123478
0 0.555652 0.504348 0.453913 0.438261
1 0.639130 0.901739 0.356522 0.193043
1 0.271304 0.449565 0.229565 0.290435
1 0.813043 0.902609 0.373913 0.187826
1 0.226957 0.945217 0.262609 0.109565
1 0.827826 0.692174 0.194783 0.243478
1 0.929565 0.653913 0.140870 0.250435
