1 0.936111 0.951791 0.127778 0.096419
1 0.755556 0.096419 0.250000 0.187328
1 0.947222 0.093664 0.105556 0.181818
1 0.111111 0.680441 0.183333 0.220386
1 0.461111 0.827824 0.205556 0.217631
1 0.336111 0.926997 0.211111 0.146006
1 0.150000 0.440771 0.244444 0.225895
1 0.273611 0.663912 0.152778 0.209366
1 0.680556 0.297521 0.227778 0.225895
1 0.809722 0.873278 0.186111 0.214876
1 0.123611 0.187328 0.230556 0.258953
1 0.962500 0.709366 0.075000 0.212121
1 0.531944 0.063361 0.202778 0.121212
1 0.656944 0.938017 0.230556 0.123967
1 0.787500 0.593664 0.202778 0.256198
1 0.297222 0.066116 0.255556 0.126722
1 0.852778 0.447658 0.194444 0.283747
0 0.504167 0.534435 0.397222 0.396694
1 0.054167 0.887052 0.102778 0.220386
