1 0.690278 0.268595 0.191667 0.201102
1 0.054167 0.885675 0.102778 0.228650
1 0.054167 0.249311 0.102778 0.234160
1 0.293056 0.692837 0.180556 0.212121
1 0.398611 0.067493 0.236111 0.129477
1 0.945833 0.652893 0.108333 0.236915
1 0.793056 0.590909 0.213889 0.228650
1 0.125000 0.720386 0.194444 0.239669
1 0.468056 0.852617 0.230556 0.223140
1 0.873611 0.133609 0.247222 0.212121
1 0.256944 0.898072 0.208333 0.203857
1 0.898611 0.407713 0.202778 0.214876
1 0.587500 0.907713 0.213889 0.184573
1 0.181944 0.133609 0.230556 0.239669
1 0.194444 0.472452 0.216667 0.234160
1 0.668056 0.724518 0.213889 0.214876
1 0.812500 0.833333 0.158333 0.250689
1 0.213889 0.342975 0.211111 0.157025
1 0.901389 0.841598 0.186111 0.206612
1 0.881944 0.285124 0.191667 0.184573
1 0.894444 0.052342 0.211111 0.099174
1 0.066667 0.090909 0.127778 0.176309
0 0.508333 0.491736 0.411111 0.382920
