1 0.842963 0.578098 0.215979 0.20168
1 0.689425 0.920563 0.212621 0.158746
1 0.91903 0.39263 0.16194 0.221023
1 0.73592 0.326512 0.215974 0.199819
1 0.936163 0.146656 0.127675 0.20692
1 0.0906094 0.719922 0.1787 0.248423
1 0.34914 0.0710559 0.211633 0.140762
1 0.340794 0.906668 0.174804 0.183279
1 0.0509403 0.233483 0.101881 0.248392
1 0.560631 0.0916982 0.19552 0.183159
1 0.481915 0.956903 0.214946 0.0858679
1 0.106199 0.0458095 0.211413 0.0911258
1 0.033435 0.500053 0.0657649 0.23281
1 0.482152 0.769529 0.239739 0.216334
1 0.89636 0.875032 0.20728 0.249423
1 0.171293 0.375921 0.205821 0.221033
1 0.144665 0.912484 0.201711 0.174159
1 0.252818 0.603706 0.226977 0.249257
1 0.351862 0.269096 0.202846 0.246319
1 0.682359 0.715759 0.220628 0.229818
1 0.75414 0.109628 0.228768 0.219255
1 0.980991 0.614847 0.0380189 0.215039
1 0.903724 0.0189332 0.192552 0.0378663
0 0.506861 0.500272 0.309672 0.30754
