1 0.916667 0.904959 0.166667 0.190083
1 0.076389 0.497245 0.147222 0.201102
1 0.668056 0.079890 0.191667 0.154270
1 0.947222 0.249311 0.105556 0.223140
1 0.175000 0.654270 0.227778 0.250689
1 0.937500 0.672176 0.125000 0.247934
1 0.022222 0.853994 0.038889 0.225895
1 0.919444 0.035813 0.161111 0.066116
1 0.850000 0.318182 0.244444 0.195592
1 0.884722 0.516529 0.230556 0.201102
1 0.155556 0.388430 0.250000 0.192837
1 0.718056 0.840220 0.269444 0.253444
1 0.763889 0.949036 0.216667 0.101928
1 0.559722 0.224518 0.230556 0.190083
1 0.409722 0.206612 0.202778 0.209366
2 0.019444 0.687328 0.033333 0.140496
0 0.377778 0.073003 0.377778 0.140496
2 0.013889 0.305785 0.022222 0.143251
0 0.498611 0.560606 0.547222 0.504132
