1 0.379167 0.239669 0.197222 0.225895
1 0.154167 0.220386 0.247222 0.225895
1 0.748611 0.705234 0.213889 0.236915
1 0.270833 0.061983 0.213889 0.118457
1 0.100000 0.811295 0.194444 0.234160
1 0.297222 0.907713 0.222222 0.184573
1 0.036111 0.604683 0.066667 0.212121
1 0.745833 0.336088 0.219444 0.236915
1 0.843056 0.158402 0.213889 0.245179
1 0.955556 0.326446 0.088889 0.228650
1 0.766667 0.926997 0.216667 0.146006
1 0.050000 0.376033 0.094444 0.217631
1 0.511111 0.871901 0.227778 0.223140
1 0.897222 0.549587 0.205556 0.234160
1 0.237500 0.707989 0.225000 0.247934
1 0.975000 0.097796 0.050000 0.190083
0 0.506944 0.533058 0.347222 0.377410
