1 0.703478 0.100000 0.217391 0.196522
1 0.909565 0.080870 0.180870 0.158261
1 0.900000 0.817391 0.196522 0.229565
1 0.913043 0.570435 0.170435 0.243478
1 0.820000 0.966087 0.210435 0.067826
1 0.922609 0.268696 0.154783 0.203478
1 0.262609 0.089565 0.313043 0.175652
1 0.502609 0.040000 0.219130 0.076522
1 0.341739 0.878261 0.210435 0.240000
1 0.670435 0.819130 0.217391 0.219130
1 0.580000 0.234783 0.262609 0.208696
1 0.238261 0.412174 0.201739 0.187826
1 0.167826 0.569565 0.213913 0.206957
0 0.497391 0.549565 0.438261 0.462609
1 0.256522 0.718261 0.248696 0.240000
1 0.787826 0.393913 0.212174 0.234783
1 0.520870 0.887826 0.172174 0.224348
1 0.304348 0.266087 0.240000 0.156522
