0 0.549219 0.238542 0.285938 0.393750
1 0.910156 0.106250 0.179688 0.208333
1 0.675000 0.535417 0.181250 0.220833
1 0.928125 0.673958 0.143750 0.252083
1 0.325000 0.142708 0.175000 0.231250
1 0.359375 0.470833 0.168750 0.258333
1 0.694531 0.326042 0.148438 0.197917
1 0.072656 0.355208 0.142187 0.214583
1 0.602344 0.921875 0.214062 0.156250
1 0.793750 0.917708 0.175000 0.164583
1 0.220312 0.965625 0.175000 0.068750
1 0.132812 0.843750 0.165625 0.262500
1 0.796875 0.070833 0.162500 0.137500
1 0.976562 0.485417 0.046875 0.208333
1 0.349219 0.816667 0.192188 0.229167
1 0.060156 0.578125 0.117188 0.247917
1 0.683594 0.768750 0.160938 0.204167
1 0.873437 0.301042 0.181250 0.235417
1 0.110937 0.032292 0.184375 0.060417
1 0.550781 0.684375 0.167187 0.264583
1 0.144531 0.175000 0.182812 0.212500
1 0.229687 0.667708 0.153125 0.181250
1 0.936719 0.923958 0.126562 0.152083
