1 0.943478 0.692174 0.113043 0.240000
1 0.300870 0.242609 0.246957 0.252174
1 0.220000 0.460000 0.213913 0.248696
1 0.861739 0.085217 0.269565 0.166957
1 0.221739 0.821739 0.245217 0.259130
1 0.681739 0.210435 0.257391 0.222609
1 0.891304 0.308696 0.206957 0.220870
1 0.869565 0.637391 0.194783 0.255652
1 0.965217 0.225217 0.069565 0.293913
1 0.034783 0.899130 0.066087 0.198261
1 0.034783 0.686957 0.066087 0.253913
1 0.075652 0.059130 0.147826 0.114783
1 0.209565 0.975652 0.276522 0.048696
1 0.940870 0.955652 0.118261 0.088696
0 0.545217 0.548696 0.481739 0.513043
