1 0.101739 0.110435 0.200000 0.213913
1 0.947826 0.168696 0.104348 0.208696
1 0.633043 0.092174 0.264348 0.180870
1 0.110435 0.740870 0.217391 0.236522
1 0.913913 0.474783 0.168696 0.215652
1 0.766957 0.945217 0.240000 0.109565
1 0.336522 0.760870 0.224348 0.245217
1 0.785217 0.246957 0.217391 0.226087
1 0.155652 0.232174 0.241739 0.248696
1 0.338261 0.932174 0.224348 0.135652
1 0.393043 0.036522 0.267826 0.069565
1 0.522609 0.873043 0.213913 0.201739
1 0.403478 0.274783 0.240000 0.246957
0 0.604348 0.458261 0.520000 0.478261
1 0.326087 0.356522 0.203478 0.194783
2 0.094783 0.926087 0.109565 0.078261
