1 0.930435 0.859130 0.139130 0.219130
1 0.056522 0.229565 0.109565 0.236522
1 0.894783 0.076522 0.210435 0.149565
1 0.092174 0.764348 0.180870 0.280000
1 0.773043 0.721739 0.245217 0.257391
1 0.265217 0.599130 0.206957 0.255652
1 0.128696 0.431304 0.250435 0.233043
1 0.801739 0.271304 0.267826 0.246957
1 0.370435 0.113913 0.260870 0.224348
1 0.247826 0.306087 0.283478 0.253913
1 0.512174 0.860000 0.248696 0.255652
1 0.665217 0.099130 0.213913 0.194783
1 0.234783 0.053043 0.260870 0.102609
1 0.650435 0.972174 0.257391 0.055652
0 0.537391 0.482609 0.539130 0.561739
