1 0.081944 0.059229 0.158333 0.112948
1 0.080556 0.369146 0.155556 0.280992
1 0.930556 0.172176 0.138889 0.212121
1 0.911111 0.871901 0.177778 0.250689
1 0.466667 0.214876 0.222222 0.220386
1 0.830556 0.668044 0.272222 0.206612
1 0.611111 0.060606 0.261111 0.115702
1 0.263889 0.318182 0.205556 0.245179
1 0.137500 0.904959 0.241667 0.190083
1 0.802778 0.360882 0.222222 0.203857
1 0.379167 0.743802 0.219444 0.247934
1 0.283333 0.527548 0.194444 0.267218
1 0.731944 0.940771 0.202778 0.118457
1 0.718056 0.191460 0.213889 0.201102
1 0.958333 0.442149 0.083333 0.250689
1 0.030556 0.790634 0.055556 0.253444
1 0.593056 0.785124 0.269444 0.264463
2 0.880556 0.516529 0.116667 0.112948
0 0.506944 0.505510 0.286111 0.305785
1 0.069444 0.185950 0.133333 0.146006
