1 0.901739 0.731304 0.193043 0.224348
1 0.083478 0.902609 0.163478 0.191304
1 0.624348 0.114783 0.212174 0.226087
1 0.847826 0.269565 0.224348 0.250435
1 0.391304 0.875652 0.215652 0.248696
1 0.756522 0.828696 0.219130 0.234783
1 0.298261 0.776522 0.182609 0.255652
1 0.803478 0.526957 0.250435 0.271304
1 0.085217 0.457391 0.166957 0.271304
1 0.751304 0.973043 0.295652 0.053913
1 0.230435 0.964348 0.179130 0.071304
1 0.588696 0.931304 0.213913 0.133913
1 0.191304 0.037391 0.187826 0.071304
0 0.498261 0.491304 0.366957 0.349565
1 0.208696 0.393913 0.253913 0.314783
1 0.303478 0.233913 0.217391 0.203478
1 0.035652 0.660000 0.067826 0.179130
