0 0.271623 0.806236 0.374612 0.387529
1 0.181971 0.329797 0.155917 0.215732
1 0.48801 0.621981 0.184595 0.209189
1 0.882562 0.461842 0.152139 0.198641
1 0.87184 0.729872 0.167368 0.237432
1 0.764804 0.287086 0.196873 0.238558
1 0.918777 0.104426 0.162446 0.208852
1 0.773337 0.0789581 0.171049 0.156056
1 0.684179 0.657504 0.193389 0.210427
1 0.0338321 0.456842 0.0672003 0.211821
1 0.960356 0.593417 0.0792879 0.19497
2 0.166311 0.0717035 0.0677017 0.0851177
1 0.330808 0.256621 0.150741 0.197991
1 0.0705461 0.0891488 0.139436 0.178298
1 0.0603983 0.207217 0.120797 0.235706
1 0.101225 0.962889 0.131497 0.0742221
2 0.679506 0.859118 0.0683239 0.0812955
1 0.404388 0.0563642 0.158089 0.110449
1 0.512968 0.0490068 0.150434 0.0980136
2 0.551664 0.471366 0.0629797 0.0747741
1 0.424249 0.360644 0.161957 0.198603
1 0.911232 0.956026 0.16825 0.0877345
1 0.615225 0.380694 0.142666 0.223538
1 0.106084 0.575996 0.165629 0.201731
1 0.466818 0.978221 0.13913 0.0435584
2 0.310963 0.397555 0.0590355 0.0945636
1 0.928604 0.908223 0.142793 0.177882
