1 0.809935 0.614381 0.153288 0.188892
1 0.673883 0.700328 0.158493 0.200536
1 0.418926 0.671272 0.201675 0.251688
1 0.181975 0.207903 0.186204 0.24194
0 0.806316 0.843638 0.344923 0.304166
1 0.0705042 0.562931 0.141008 0.222415
1 0.682014 0.396607 0.157502 0.182394
1 0.948816 0.632594 0.102271 0.187056
1 0.786706 0.220419 0.189432 0.219094
1 0.507359 0.457826 0.202158 0.204649
1 0.138122 0.953623 0.156034 0.0911989
1 0.560881 0.879345 0.174898 0.231002
1 0.404406 0.952652 0.161 0.0932545
1 0.538389 0.144119 0.184364 0.225969
1 0.146295 0.45364 0.173793 0.220595
1 0.801797 0.0600558 0.156568 0.117936
1 0.365632 0.26933 0.17523 0.236932
1 0.0812055 0.795826 0.158955 0.224123
1 0.151707 0.0592578 0.173928 0.117518
1 0.210303 0.685927 0.185153 0.205348
1 0.0437202 0.840899 0.0868907 0.199049
1 0.873238 0.298998 0.153795 0.212921
1 0.937102 0.201051 0.125795 0.235201
1 0.280214 0.860344 0.163589 0.204851
