1 0.382212 0.692308 0.177885 0.201923
0 0.796875 0.504808 0.406250 0.514423
1 0.905048 0.864183 0.189904 0.247596
1 0.560096 0.621394 0.187500 0.213942
1 0.500000 0.949519 0.187500 0.100962
1 0.145433 0.138221 0.180288 0.228365
1 0.096154 0.581731 0.177885 0.211538
1 0.049279 0.908654 0.093750 0.182692
1 0.147837 0.746394 0.194712 0.233173
1 0.836538 0.150240 0.201923 0.185096
1 0.573317 0.378606 0.161058 0.204327
1 0.259615 0.316106 0.192308 0.233173
1 0.299279 0.949519 0.170673 0.100962
1 0.431490 0.066106 0.189904 0.127404
1 0.139423 0.942308 0.149038 0.115385
1 0.409856 0.242788 0.137019 0.216346
2 0.344952 0.878606 0.074519 0.088942
1 0.397837 0.461538 0.194712 0.230769
1 0.704327 0.878606 0.240385 0.242788
2 0.257212 0.715144 0.043269 0.055288
1 0.024038 0.212740 0.043269 0.175481
1 0.020433 0.424279 0.036058 0.161058
1 0.626202 0.158654 0.189904 0.201923
1 0.979567 0.185096 0.040865 0.206731
1 0.587740 0.075721 0.194712 0.146635
