1 0.599130 0.913913 0.220870 0.168696
1 0.954783 0.705217 0.090435 0.269565
1 0.091304 0.289565 0.179130 0.217391
1 0.908696 0.940870 0.182609 0.118261
1 0.850435 0.544348 0.246957 0.226087
1 0.456522 0.145217 0.245217 0.255652
1 0.900870 0.309565 0.198261 0.243478
1 0.754783 0.736522 0.226087 0.238261
1 0.147826 0.965217 0.194783 0.069565
1 0.224348 0.060870 0.229565 0.118261
1 0.660000 0.059130 0.252174 0.114783
1 0.066957 0.779130 0.130435 0.215652
1 0.925217 0.084348 0.149565 0.165217
1 0.039130 0.099130 0.074783 0.194783
1 0.193913 0.615652 0.217391 0.233043
1 0.124348 0.483478 0.245217 0.215652
0 0.479130 0.493913 0.464348 0.466087
