1 0.927778 0.207989 0.144444 0.201102
1 0.080556 0.588154 0.155556 0.234160
1 0.926389 0.052342 0.147222 0.099174
1 0.086111 0.807163 0.166667 0.203857
1 0.781944 0.885675 0.241667 0.228650
1 0.234722 0.196970 0.241667 0.239669
1 0.491667 0.953168 0.222222 0.093664
1 0.200000 0.436639 0.222222 0.245179
1 0.056944 0.213499 0.108333 0.245179
1 0.955556 0.928375 0.088889 0.143251
1 0.973611 0.716253 0.052778 0.258953
1 0.813889 0.537190 0.233333 0.253444
1 0.944444 0.424242 0.111111 0.225895
1 0.461111 0.140496 0.216667 0.209366
1 0.509722 0.796143 0.252778 0.231405
1 0.283333 0.668044 0.244444 0.217631
1 0.225000 0.038567 0.238889 0.071625
1 0.715278 0.031680 0.219444 0.057851
1 0.193056 0.977961 0.236111 0.044077
0 0.505556 0.480716 0.355556 0.377410
