1 0.713889 0.213499 0.205556 0.201102
1 0.893056 0.060606 0.213889 0.115702
1 0.206944 0.110193 0.202778 0.209366
1 0.109722 0.702479 0.202778 0.203857
1 0.686111 0.743802 0.200000 0.209366
1 0.061111 0.084022 0.116667 0.162534
1 0.805556 0.574380 0.188889 0.212121
1 0.712500 0.922865 0.241667 0.154270
1 0.881944 0.789256 0.213889 0.239669
1 0.223611 0.856749 0.202778 0.203857
1 0.883333 0.396694 0.200000 0.231405
1 0.037500 0.556474 0.069444 0.242424
1 0.291667 0.267218 0.205556 0.181818
1 0.948611 0.247934 0.102778 0.214876
1 0.429167 0.811295 0.247222 0.228650
1 0.519444 0.150138 0.211111 0.223140
1 0.436111 0.037190 0.216667 0.068871
1 0.161111 0.436639 0.211111 0.201102
1 0.183333 0.972452 0.227778 0.055096
1 0.566667 0.925620 0.200000 0.148760
1 0.100000 0.359504 0.194444 0.184573
2 0.758333 0.428375 0.072222 0.074380
0 0.504167 0.498623 0.441667 0.435262
