1 0.055652 0.746087 0.107826 0.285217
1 0.268696 0.206957 0.248696 0.260870
1 0.915652 0.225217 0.168696 0.220870
1 0.086087 0.365217 0.168696 0.246957
1 0.866087 0.054783 0.250435 0.106087
1 0.451304 0.922609 0.238261 0.151304
1 0.877391 0.854783 0.217391 0.238261
1 0.707826 0.195652 0.219130 0.227826
1 0.155652 0.554783 0.206957 0.302609
1 0.606957 0.074783 0.271304 0.146087
1 0.881739 0.453043 0.236522 0.252174
1 0.823478 0.593043 0.227826 0.260870
1 0.067826 0.081739 0.132174 0.160000
1 0.685217 0.953913 0.226087 0.092174
0 0.480870 0.500870 0.506087 0.445217
