0 0.671094 0.433333 0.323437 0.408333
1 0.506250 0.721875 0.168750 0.247917
1 0.335156 0.395833 0.185938 0.220833
1 0.721875 0.888542 0.187500 0.197917
1 0.104688 0.626042 0.184375 0.202083
1 0.178906 0.085417 0.151562 0.166667
1 0.881250 0.615625 0.187500 0.206250
1 0.450000 0.923958 0.168750 0.152083
1 0.080469 0.267708 0.157812 0.197917
1 0.853906 0.182292 0.157812 0.256250
1 0.308594 0.759375 0.214062 0.243750
1 0.688281 0.707292 0.157812 0.168750
1 0.096875 0.815625 0.190625 0.227083
1 0.461719 0.351042 0.164062 0.239583
1 0.257812 0.196875 0.162500 0.193750
2 0.580469 0.884375 0.076563 0.110417
1 0.553125 0.119792 0.153125 0.235417
1 0.964063 0.103125 0.071875 0.202083
1 0.085156 0.453125 0.167187 0.189583
1 0.962500 0.918750 0.075000 0.162500
2 0.018750 0.793750 0.034375 0.066667
1 0.696875 0.163542 0.175000 0.172917
1 0.187500 0.297917 0.150000 0.208333
2 0.966406 0.323958 0.067187 0.102083
1 0.357031 0.063542 0.210938 0.122917
1 0.247656 0.967708 0.142187 0.064583
1 0.800781 0.048958 0.176563 0.093750
1 0.048438 0.026042 0.093750 0.047917
