1 0.909722 0.836088 0.180556 0.206612
1 0.906944 0.546832 0.186111 0.239669
1 0.055556 0.257576 0.105556 0.245179
1 0.084722 0.877410 0.163889 0.245179
1 0.648611 0.958678 0.258333 0.082645
1 0.890278 0.093664 0.219444 0.181818
1 0.743056 0.694215 0.230556 0.264463
1 0.097222 0.608815 0.188889 0.236915
1 0.247222 0.214876 0.222222 0.231405
1 0.887500 0.298898 0.225000 0.206612
1 0.300000 0.898072 0.238889 0.203857
1 0.526389 0.831956 0.219444 0.236915
1 0.163889 0.451791 0.222222 0.220386
1 0.451389 0.038567 0.230556 0.071625
1 0.636111 0.115702 0.216667 0.209366
1 0.727778 0.326446 0.238889 0.228650
1 0.286111 0.728650 0.266667 0.151515
1 0.894444 0.979339 0.211111 0.041322
0 0.508333 0.505510 0.444444 0.404959
