1 0.069444 0.922865 0.133333 0.154270
1 0.406944 0.807163 0.236111 0.225895
1 0.830556 0.451791 0.216667 0.280992
1 0.215278 0.144628 0.213889 0.234160
1 0.951389 0.143251 0.097222 0.220386
1 0.201389 0.396694 0.213889 0.203857
1 0.029167 0.112948 0.052778 0.214876
1 0.169444 0.734160 0.238889 0.206612
1 0.901389 0.024793 0.197222 0.044077
1 0.958333 0.909091 0.083333 0.181818
1 0.898611 0.840220 0.197222 0.236915
1 0.605556 0.099174 0.200000 0.192837
1 0.809722 0.709366 0.219444 0.217631
1 0.405556 0.028926 0.250000 0.052342
1 0.745833 0.140496 0.247222 0.220386
2 0.166667 0.555096 0.116667 0.112948
1 0.644444 0.973829 0.283333 0.052342
2 0.330556 0.296143 0.100000 0.107438
1 0.691667 0.015152 0.255556 0.024793
0 0.502778 0.500000 0.372222 0.377410
