1 0.752778 0.909091 0.194444 0.181818
1 0.058333 0.125344 0.111111 0.212121
1 0.866667 0.475207 0.194444 0.228650
1 0.927778 0.082645 0.144444 0.159780
1 0.225000 0.209366 0.211111 0.214876
1 0.129167 0.407713 0.225000 0.203857
1 0.727778 0.107438 0.222222 0.209366
1 0.225000 0.685950 0.216667 0.242424
1 0.879167 0.731405 0.213889 0.212121
1 0.076389 0.940771 0.147222 0.118457
1 0.204167 0.039945 0.202778 0.074380
1 0.054167 0.648760 0.102778 0.300275
1 0.550000 0.841598 0.238889 0.223140
1 0.937500 0.954545 0.125000 0.090909
1 0.487500 0.984848 0.252778 0.030303
0 0.504167 0.500000 0.469444 0.460055
