1 0.066667 0.775482 0.127778 0.256198
1 0.097222 0.957300 0.188889 0.085399
1 0.677778 0.115702 0.233333 0.225895
1 0.280556 0.747934 0.250000 0.256198
1 0.109722 0.174931 0.213889 0.239669
1 0.813889 0.575758 0.205556 0.209366
1 0.415278 0.968320 0.241667 0.063361
1 0.945833 0.706612 0.108333 0.217631
1 0.772222 0.325069 0.238889 0.225895
1 0.626389 0.899449 0.225000 0.201102
1 0.190278 0.414601 0.225000 0.256198
1 0.030556 0.435262 0.055556 0.209366
1 0.863889 0.860882 0.227778 0.184573
1 0.891667 0.027548 0.216667 0.049587
2 0.136111 0.579890 0.088889 0.074380
2 0.804167 0.728650 0.069444 0.079890
2 0.959722 0.506887 0.063889 0.066116
0 0.508333 0.501377 0.388889 0.385675
