0 0.678906 0.602083 0.314063 0.404167
1 0.881250 0.675000 0.165625 0.212500
1 0.952344 0.297917 0.095312 0.220833
1 0.303125 0.237500 0.159375 0.183333
1 0.310156 0.837500 0.151562 0.212500
1 0.224219 0.422917 0.154688 0.200000
1 0.575781 0.904167 0.167187 0.187500
1 0.655469 0.191667 0.160938 0.245833
1 0.902344 0.050000 0.170313 0.095833
1 0.313281 0.422917 0.142187 0.216667
1 0.196875 0.748958 0.150000 0.181250
1 0.106250 0.955208 0.159375 0.089583
1 0.482031 0.390625 0.167187 0.185417
1 0.039062 0.715625 0.075000 0.189583
1 0.470313 0.591667 0.134375 0.216667
1 0.953125 0.566667 0.093750 0.250000
1 0.188281 0.140625 0.157812 0.197917
1 0.356250 0.635417 0.156250 0.216667
1 0.069531 0.376042 0.135937 0.260417
1 0.552344 0.145833 0.167187 0.204167
1 0.631250 0.032292 0.168750 0.060417
1 0.821875 0.213542 0.181250 0.297917
1 0.735938 0.880208 0.153125 0.239583
1 0.911719 0.902083 0.167187 0.195833
1 0.067187 0.115625 0.131250 0.227083
1 0.169531 0.627083 0.154688 0.191667
