1 0.165278 0.077135 0.197222 0.148760
1 0.102778 0.696970 0.200000 0.198347
1 0.894444 0.921488 0.155556 0.151515
1 0.045833 0.389807 0.086111 0.195592
1 0.091667 0.957300 0.177778 0.085399
1 0.037500 0.163912 0.069444 0.195592
1 0.619444 0.922865 0.244444 0.154270
1 0.920833 0.264463 0.158333 0.192837
1 0.695833 0.031680 0.219444 0.057851
1 0.862500 0.523416 0.163889 0.258953
1 0.330556 0.024793 0.194444 0.044077
1 0.945833 0.650138 0.108333 0.225895
1 0.195833 0.484848 0.230556 0.198347
1 0.316667 0.982094 0.166667 0.035813
0 0.522222 0.296143 0.316667 0.366391
0 0.505556 0.668044 0.377778 0.366391
1 0.970833 0.344353 0.058333 0.209366
