0 0.331250 0.264583 0.381250 0.462500
1 0.482812 0.634375 0.168750 0.210417
1 0.863281 0.267708 0.179688 0.197917
1 0.600000 0.304167 0.168750 0.208333
1 0.639062 0.488542 0.165625 0.222917
1 0.926562 0.791667 0.146875 0.237500
1 0.036719 0.106250 0.070312 0.204167
1 0.757031 0.056250 0.192188 0.108333
2 0.342969 0.501042 0.067187 0.089583
1 0.473438 0.467708 0.165625 0.189583
1 0.961719 0.589583 0.076563 0.212500
1 0.910156 0.926042 0.173437 0.147917
1 0.498437 0.904167 0.156250 0.191667
1 0.840625 0.488542 0.153125 0.193750
1 0.791406 0.722917 0.164062 0.212500
1 0.203125 0.638542 0.159375 0.193750
1 0.931250 0.095833 0.134375 0.187500
1 0.610156 0.746875 0.142187 0.247917
1 0.330469 0.871875 0.176563 0.227083
1 0.759375 0.964583 0.134375 0.070833
1 0.729688 0.843750 0.137500 0.166667
1 0.084375 0.251042 0.165625 0.177083
