1 0.882609 0.760000 0.220870 0.246957
1 0.190435 0.776522 0.259130 0.245217
1 0.673043 0.869565 0.236522 0.243478
1 0.735652 0.073913 0.278261 0.144348
1 0.351304 0.930435 0.229565 0.139130
1 0.846087 0.261739 0.248696 0.252174
1 0.241739 0.206087 0.302609 0.255652
1 0.960870 0.567826 0.078261 0.293913
1 0.082609 0.946087 0.161739 0.107826
1 0.834783 0.972174 0.267826 0.055652
1 0.820000 0.500870 0.196522 0.229565
1 0.106957 0.397391 0.210435 0.238261
1 0.459130 0.065217 0.222609 0.126957
1 0.100000 0.647826 0.196522 0.238261
0 0.480870 0.496522 0.506087 0.412174
