1 0.363478 0.898261 0.212174 0.203478
1 0.590435 0.912174 0.245217 0.175652
1 0.800000 0.375652 0.226087 0.285217
1 0.235652 0.081739 0.259130 0.160000
1 0.952174 0.246957 0.095652 0.215652
1 0.185217 0.711304 0.217391 0.226087
1 0.756522 0.111304 0.222609 0.219130
1 0.102609 0.464348 0.201739 0.219130
1 0.761739 0.777391 0.250435 0.285217
1 0.226957 0.260000 0.241739 0.245217
1 0.055652 0.863478 0.107826 0.262609
1 0.889565 0.652174 0.220870 0.226087
0 0.474783 0.514783 0.486957 0.480000
1 0.927826 0.045217 0.144348 0.086957
