1 0.212174 0.805217 0.208696 0.246957
1 0.644348 0.101739 0.241739 0.200000
1 0.118261 0.945217 0.233043 0.109565
1 0.919130 0.634783 0.161739 0.201739
1 0.146087 0.145217 0.243478 0.273043
1 0.893913 0.213913 0.212174 0.260870
1 0.390435 0.770435 0.248696 0.271304
1 0.059130 0.636522 0.114783 0.295652
1 0.866957 0.053043 0.245217 0.102609
1 0.353913 0.941739 0.231304 0.116522
1 0.208696 0.568696 0.212174 0.260870
1 0.943478 0.422609 0.113043 0.246957
1 0.651304 0.933043 0.206957 0.133913
1 0.100870 0.446087 0.198261 0.276522
1 0.417391 0.078261 0.233043 0.153043
1 0.323478 0.200870 0.243478 0.262609
0 0.455652 0.465217 0.584348 0.492174
1 0.711304 0.730435 0.271304 0.219130
1 0.603478 0.793043 0.205217 0.201739
1 0.919130 0.816522 0.161739 0.196522
1 0.922609 0.939130 0.154783 0.121739
