1 0.093056 0.201102 0.180556 0.214876
1 0.886111 0.904959 0.205556 0.190083
1 0.651389 0.234160 0.197222 0.214876
1 0.118056 0.882920 0.219444 0.206612
1 0.054167 0.378788 0.102778 0.195592
1 0.894444 0.345730 0.211111 0.195592
1 0.804167 0.537190 0.219444 0.209366
1 0.275000 0.315427 0.194444 0.212121
1 0.851389 0.140496 0.213889 0.258953
1 0.305556 0.775482 0.233333 0.206612
1 0.301389 0.969697 0.213889 0.060606
1 0.552778 0.942149 0.250000 0.115702
1 0.808333 0.819559 0.211111 0.212121
1 0.022222 0.750689 0.038889 0.223140
1 0.079167 0.075758 0.152778 0.146006
1 0.348611 0.213499 0.225000 0.195592
1 0.045833 0.976584 0.086111 0.046832
0 0.500000 0.505510 0.394444 0.454545
