1 0.948696 0.160000 0.102609 0.240000
1 0.901739 0.484348 0.196522 0.241739
1 0.828696 0.750435 0.196522 0.269565
1 0.749565 0.950435 0.250435 0.099130
1 0.049565 0.700000 0.095652 0.210435
1 0.046957 0.344348 0.090435 0.257391
1 0.353913 0.692174 0.248696 0.226087
1 0.379130 0.150435 0.219130 0.238261
1 0.261739 0.254783 0.241739 0.252174
1 0.490435 0.916522 0.229565 0.163478
1 0.186957 0.896522 0.304348 0.203478
1 0.968696 0.738261 0.062609 0.259130
1 0.586087 0.752174 0.271304 0.231304
0 0.564348 0.477391 0.460870 0.415652
