1 0.897222 0.698347 0.205556 0.206612
1 0.093056 0.129477 0.180556 0.203857
1 0.100000 0.349862 0.194444 0.209366
1 0.793056 0.523416 0.202778 0.242424
1 0.425000 0.254821 0.233333 0.223140
1 0.100000 0.618457 0.194444 0.289256
1 0.677778 0.119835 0.233333 0.234160
1 0.266667 0.542700 0.194444 0.264463
1 0.965278 0.068871 0.069444 0.132231
0 0.504167 0.511019 0.286111 0.272727
1 0.940278 0.380165 0.119444 0.231405
2 0.847222 0.325069 0.122222 0.115702
1 0.533333 0.962810 0.222222 0.074380
1 0.265278 0.851240 0.225000 0.231405
1 0.195833 0.319559 0.202778 0.203857
1 0.720833 0.917355 0.263889 0.165289
1 0.755556 0.836088 0.233333 0.168044
1 0.977778 0.275482 0.044444 0.198347
1 0.240278 0.775482 0.186111 0.151515
