0 0.487500 0.627083 0.246875 0.333333
1 0.149219 0.894792 0.164062 0.206250
1 0.638281 0.220833 0.173437 0.233333
1 0.292969 0.647917 0.164062 0.241667
2 0.876563 0.857292 0.068750 0.089583
1 0.763281 0.369792 0.176563 0.202083
1 0.147656 0.694792 0.132812 0.168750
1 0.840625 0.189583 0.146875 0.229167
2 0.435156 0.373958 0.067187 0.085417
1 0.931250 0.636458 0.134375 0.239583
1 0.467969 0.902083 0.154688 0.195833
1 0.131250 0.179167 0.178125 0.208333
1 0.105469 0.073958 0.145313 0.143750
2 0.270313 0.287500 0.062500 0.083333
1 0.318750 0.909375 0.171875 0.181250
1 0.224219 0.448958 0.179688 0.193750
1 0.487500 0.029167 0.168750 0.054167
1 0.038281 0.884375 0.073438 0.206250
1 0.308594 0.264583 0.160938 0.212500
1 0.696875 0.765625 0.184375 0.235417
1 0.041406 0.533333 0.079687 0.208333
1 0.289844 0.100000 0.145313 0.175000
1 0.918750 0.927083 0.162500 0.145833
1 0.778125 0.973958 0.150000 0.052083
2 0.130469 0.033333 0.060937 0.062500
1 0.143750 0.556250 0.118750 0.141667
1 0.714063 0.081250 0.178125 0.154167
