1 0.902644 0.377404 0.194712 0.201923
0 0.597356 0.284856 0.497596 0.338942
1 0.322115 0.822115 0.216346 0.206731
1 0.099760 0.819712 0.194712 0.206731
1 0.081731 0.608173 0.158654 0.168269
1 0.606971 0.865385 0.228365 0.187500
1 0.264423 0.516827 0.211538 0.153846
1 0.180288 0.368990 0.230769 0.180288
1 0.219952 0.685096 0.209135 0.168269
1 0.504808 0.699519 0.230769 0.158654
1 0.820913 0.837740 0.199519 0.165865
1 0.906250 0.057692 0.182692 0.110577
1 0.969952 0.640625 0.060096 0.218750
1 0.092548 0.062500 0.180288 0.120192
1 0.070913 0.483173 0.137019 0.206731
1 0.957933 0.894231 0.084135 0.211538
1 0.289663 0.218750 0.199519 0.187500
1 0.230769 0.121394 0.206731 0.137019
1 0.872596 0.200721 0.144231 0.156250
1 0.942308 0.185096 0.115385 0.163462
