1 0.197282 0.768594 0.177954 0.232052
1 0.652775 0.817282 0.194895 0.229333
1 0.801201 0.480048 0.18264 0.20703
1 0.298556 0.648686 0.161902 0.217379
1 0.199412 0.0769831 0.164688 0.153966
0 0.416616 0.214426 0.378277 0.394228
1 0.931349 0.0932695 0.137301 0.186539
1 0.15614 0.26935 0.167877 0.215548
1 0.780842 0.0846791 0.142759 0.169358
1 0.612459 0.582244 0.197141 0.221802
1 0.7171 0.288021 0.151536 0.205147
1 0.305866 0.941843 0.162653 0.116314
1 0.465902 0.904075 0.172017 0.191849
1 0.118915 0.493255 0.171436 0.201402
1 0.92201 0.803125 0.155979 0.22607
1 0.962625 0.552026 0.0747499 0.24605
1 0.779729 0.712163 0.176264 0.24065
1 0.0274074 0.0813657 0.0532083 0.159995
1 0.459004 0.732605 0.182465 0.21093
1 0.0325401 0.343566 0.0641661 0.244684
1 0.212048 0.454783 0.160672 0.205887
2 0.637705 0.438074 0.0576568 0.0776636
1 0.818079 0.268927 0.144421 0.18144
1 0.885592 0.917337 0.15693 0.165327
1 0.546369 0.0287233 0.166998 0.0574466
