1 0.931304 0.576522 0.137391 0.269565
1 0.688696 0.907826 0.233043 0.184348
1 0.326087 0.924348 0.231304 0.147826
1 0.111304 0.764348 0.208696 0.206957
1 0.155652 0.265217 0.203478 0.220870
1 0.944348 0.873913 0.111304 0.206957
1 0.753043 0.628696 0.208696 0.220870
1 0.914783 0.133913 0.170435 0.246957
1 0.673913 0.100000 0.300870 0.196522
1 0.173913 0.582609 0.201739 0.219130
1 0.768696 0.300870 0.250435 0.236522
1 0.286087 0.059130 0.255652 0.114783
1 0.532174 0.766087 0.246957 0.206957
0 0.521739 0.469565 0.486957 0.396522
1 0.381739 0.773043 0.206957 0.220870
