1 0.696094 0.233333 0.173437 0.216667
1 0.696875 0.814583 0.159375 0.191667
1 0.228125 0.590625 0.190625 0.214583
0 0.493750 0.867708 0.193750 0.247917
1 0.101562 0.773958 0.200000 0.206250
1 0.961719 0.355208 0.076563 0.231250
1 0.035937 0.435417 0.068750 0.191667
2 0.296094 0.902083 0.104688 0.133333
1 0.596875 0.641667 0.162500 0.229167
1 0.367969 0.476042 0.189062 0.202083
1 0.423438 0.605208 0.165625 0.185417
1 0.257812 0.196875 0.175000 0.243750
1 0.169531 0.270833 0.167187 0.225000
2 0.170313 0.458333 0.062500 0.083333
1 0.957031 0.101042 0.085938 0.193750
1 0.888281 0.888542 0.160938 0.210417
1 0.058594 0.068750 0.114062 0.133333
1 0.857812 0.036458 0.159375 0.068750
1 0.567187 0.427083 0.181250 0.225000
1 0.790625 0.961458 0.125000 0.077083
1 0.498437 0.145833 0.187500 0.262500
1 0.644531 0.932292 0.135937 0.135417
1 0.021875 0.951042 0.040625 0.097917
