1 0.915652 0.109565 0.168696 0.212174
1 0.732174 0.102609 0.229565 0.201739
1 0.189565 0.452174 0.240000 0.264348
1 0.483478 0.131304 0.246957 0.259130
1 0.132174 0.728696 0.201739 0.285217
1 0.737391 0.953913 0.323478 0.092174
1 0.873913 0.829565 0.234783 0.264348
1 0.790435 0.306957 0.290435 0.273043
1 0.635652 0.843478 0.290435 0.285217
1 0.965217 0.311304 0.069565 0.257391
1 0.116522 0.057391 0.229565 0.111304
1 0.044348 0.929565 0.085217 0.137391
1 0.142609 0.226087 0.240000 0.205217
1 0.321739 0.725217 0.215652 0.278261
0 0.514783 0.495652 0.455652 0.521739
