1 0.093056 0.103306 0.180556 0.201102
1 0.955556 0.701102 0.088889 0.278237
1 0.927778 0.070248 0.144444 0.134986
1 0.918056 0.435262 0.163889 0.269972
1 0.551389 0.042700 0.275000 0.079890
1 0.784722 0.801653 0.191667 0.242424
1 0.747222 0.340220 0.211111 0.278237
1 0.765278 0.111570 0.263889 0.217631
1 0.377778 0.931129 0.205556 0.132231
1 0.213889 0.654270 0.216667 0.245179
1 0.126389 0.931129 0.247222 0.137741
1 0.034722 0.827824 0.063889 0.294766
1 0.836111 0.668044 0.166667 0.228650
0 0.518056 0.539945 0.413889 0.517906
