1 0.223611 0.282369 0.197222 0.190083
1 0.150000 0.067493 0.205556 0.129477
1 0.923611 0.192837 0.152778 0.214876
1 0.243056 0.891185 0.236111 0.217631
1 0.941667 0.601928 0.116667 0.223140
1 0.061111 0.421488 0.116667 0.242424
1 0.587500 0.922865 0.225000 0.154270
1 0.033333 0.154270 0.061111 0.198347
1 0.650000 0.747934 0.216667 0.201102
1 0.063889 0.856749 0.122222 0.209366
1 0.341667 0.041322 0.194444 0.077135
1 0.886111 0.804408 0.222222 0.203857
1 0.540278 0.095041 0.230556 0.184573
1 0.423611 0.775482 0.213889 0.206612
1 0.044444 0.652893 0.083333 0.198347
1 0.688889 0.231405 0.216667 0.214876
1 0.741667 0.063361 0.194444 0.121212
1 0.901389 0.962810 0.197222 0.074380
0 0.519444 0.475207 0.438889 0.382920
