1 0.473438 0.301042 0.143750 0.202083
0 0.463281 0.806250 0.329688 0.387500
1 0.082812 0.309375 0.162500 0.243750
1 0.074219 0.726042 0.145313 0.193750
1 0.691406 0.893750 0.154688 0.204167
1 0.414062 0.037500 0.156250 0.070833
1 0.242188 0.215625 0.190625 0.252083
1 0.167187 0.969792 0.150000 0.060417
1 0.021875 0.531250 0.040625 0.216667
1 0.017969 0.117708 0.032813 0.168750
1 0.510938 0.553125 0.168750 0.197917
1 0.583594 0.412500 0.173437 0.150000
1 0.281250 0.619792 0.296875 0.277083
1 0.222656 0.447917 0.245312 0.237500
1 0.861719 0.931250 0.164062 0.137500
1 0.071875 0.887500 0.128125 0.225000
1 0.125000 0.094792 0.196875 0.185417
