0 0.181490 0.367788 0.358173 0.331731
1 0.097356 0.919471 0.189904 0.161058
1 0.474760 0.370192 0.237981 0.206731
1 0.826923 0.639423 0.187500 0.158654
1 0.151442 0.737981 0.225962 0.182692
1 0.314904 0.891827 0.211538 0.173077
2 0.682692 0.965144 0.072115 0.064904
1 0.548077 0.919471 0.230769 0.161058
1 0.365385 0.567308 0.221154 0.192308
1 0.692308 0.246394 0.240385 0.194712
1 0.920673 0.913462 0.158654 0.173077
1 0.728365 0.826923 0.225962 0.201923
1 0.609375 0.634615 0.242788 0.168269
1 0.451923 0.099760 0.269231 0.194712
1 0.936298 0.168269 0.127404 0.163462
1 0.943510 0.343750 0.112981 0.201923
1 0.949519 0.579327 0.100962 0.134615
1 0.925481 0.764423 0.149038 0.144231
1 0.204327 0.145433 0.274038 0.165865
