0 0.633413 0.829327 0.295673 0.341346
1 0.510817 0.301683 0.185096 0.209135
1 0.105769 0.832933 0.192308 0.228365
1 0.853365 0.944712 0.197115 0.110577
1 0.468750 0.947115 0.192308 0.105769
1 0.932692 0.229567 0.129808 0.228365
1 0.143029 0.490385 0.199519 0.235577
1 0.881010 0.438702 0.194712 0.204327
1 0.093750 0.062500 0.182692 0.120192
1 0.650240 0.102163 0.180288 0.199519
1 0.468750 0.080529 0.177885 0.156250
1 0.713942 0.337740 0.211538 0.209135
1 0.127404 0.302885 0.197115 0.221154
1 0.276442 0.948317 0.168269 0.103365
1 0.359375 0.443510 0.194712 0.242788
1 0.033654 0.171875 0.062500 0.213942
1 0.264423 0.701923 0.177885 0.250000
1 0.697115 0.506010 0.187500 0.262019
1 0.812500 0.591346 0.182692 0.197115
1 0.439904 0.347356 0.192308 0.213942
2 0.155048 0.144231 0.069712 0.076923
1 0.854567 0.111779 0.189904 0.218750
1 0.275240 0.871394 0.161058 0.137019
1 0.039663 0.631010 0.074519 0.247596
1 0.316106 0.185096 0.156250 0.158654
1 0.272837 0.105769 0.156250 0.153846
2 0.475962 0.730769 0.057692 0.067308
