1 0.406250 0.550481 0.201923 0.173077
1 0.728365 0.102163 0.201923 0.170673
0 0.879808 0.308894 0.235577 0.329327
1 0.189904 0.604567 0.230769 0.213942
1 0.925481 0.655048 0.144231 0.170673
1 0.909856 0.074519 0.175481 0.144231
1 0.079327 0.748798 0.153846 0.194712
1 0.406250 0.385817 0.225962 0.180288
1 0.467548 0.745192 0.218750 0.201923
1 0.498798 0.080529 0.223558 0.156250
1 0.937500 0.841346 0.125000 0.173077
2 0.042067 0.594952 0.074519 0.093750
1 0.106971 0.927885 0.204327 0.139423
1 0.256010 0.253606 0.218750 0.194712
1 0.762019 0.700721 0.221154 0.185096
1 0.114183 0.344952 0.223558 0.180288
1 0.719952 0.437500 0.189904 0.120192
1 0.655048 0.263221 0.223558 0.165865
1 0.763221 0.868990 0.257212 0.146635
1 0.750000 0.557692 0.254808 0.153846
1 0.314904 0.923077 0.201923 0.153846
1 0.519231 0.945913 0.192308 0.108173
1 0.070913 0.176683 0.137019 0.161058
1 0.218750 0.056490 0.326923 0.108173
