1 0.516522 0.872174 0.260870 0.252174
1 0.367826 0.226957 0.241739 0.245217
1 0.129565 0.212174 0.238261 0.326957
1 0.166957 0.502609 0.253913 0.253913
1 0.882609 0.249565 0.231304 0.266087
1 0.076522 0.746087 0.146087 0.250435
1 0.190435 0.953043 0.293913 0.093913
0 0.541739 0.503478 0.377391 0.363478
1 0.936522 0.849565 0.126957 0.300870
1 0.749565 0.094783 0.226087 0.186087
1 0.854783 0.660000 0.266087 0.238261
1 0.926087 0.082609 0.147826 0.161739
1 0.880000 0.515652 0.240000 0.231304
1 0.652174 0.135652 0.226087 0.253913
1 0.148696 0.766957 0.217391 0.229565
