0 0.305288 0.304087 0.427885 0.435096
1 0.067308 0.556490 0.129808 0.213942
1 0.693510 0.217548 0.213942 0.223558
1 0.408654 0.769231 0.187500 0.211538
1 0.128606 0.801683 0.204327 0.213942
1 0.597356 0.466346 0.175481 0.197115
1 0.950721 0.415865 0.098558 0.201923
1 0.491587 0.932692 0.180288 0.134615
1 0.524038 0.092548 0.182692 0.180288
1 0.829327 0.608173 0.187500 0.211538
1 0.259615 0.754808 0.192308 0.216346
1 0.968750 0.646635 0.062500 0.245192
1 0.724760 0.816106 0.170673 0.156250
1 0.580529 0.718750 0.180288 0.187500
1 0.203125 0.610577 0.175481 0.201923
1 0.838942 0.832933 0.177885 0.189904
1 0.521635 0.610577 0.163462 0.173077
1 0.915865 0.227163 0.168269 0.242788
1 0.706731 0.050481 0.158654 0.096154
1 0.895433 0.066106 0.209135 0.127404
1 0.330529 0.925481 0.146635 0.149038
1 0.185096 0.933894 0.216346 0.132212
