0 0.710156 0.688542 0.392188 0.447917
1 0.137500 0.392708 0.181250 0.227083
1 0.505469 0.818750 0.179688 0.233333
1 0.518750 0.467708 0.162500 0.231250
1 0.849219 0.314583 0.173437 0.208333
1 0.201563 0.169792 0.196875 0.235417
1 0.608594 0.081250 0.176563 0.158333
1 0.192188 0.616667 0.181250 0.220833
1 0.932813 0.141667 0.134375 0.204167
1 0.952344 0.507292 0.095312 0.206250
1 0.049219 0.265625 0.095312 0.185417
1 0.153906 0.935417 0.179688 0.129167
1 0.611719 0.943750 0.164062 0.112500
1 0.732031 0.187500 0.129688 0.170833
1 0.345313 0.946875 0.181250 0.106250
1 0.522656 0.244792 0.170313 0.185417
1 0.388281 0.616667 0.179688 0.295833
1 0.182812 0.746875 0.187500 0.214583
1 0.798438 0.100000 0.131250 0.195833
2 0.689063 0.284375 0.056250 0.068750
1 0.667969 0.383333 0.195312 0.166667
2 0.250781 0.475000 0.060937 0.079167
1 0.849219 0.919792 0.179688 0.160417
2 0.400000 0.890625 0.062500 0.085417
1 0.952344 0.775000 0.092188 0.220833
2 0.440625 0.048958 0.059375 0.077083
1 0.967187 0.865625 0.065625 0.222917
1 0.989062 0.313542 0.021875 0.206250
1 0.463281 0.187500 0.142187 0.166667
