1 0.088942 0.881010 0.173077 0.199519
1 0.300481 0.509615 0.163462 0.173077
0 0.527644 0.712740 0.252404 0.329327
1 0.943510 0.489183 0.112981 0.213942
1 0.537260 0.216346 0.170673 0.201923
1 0.960337 0.216346 0.079327 0.192308
1 0.604567 0.091346 0.180288 0.177885
2 0.025240 0.542067 0.045673 0.069712
1 0.194712 0.222356 0.206731 0.257212
1 0.733173 0.230769 0.211538 0.216346
1 0.134615 0.417067 0.187500 0.223558
1 0.234375 0.878606 0.161058 0.170673
1 0.780048 0.469952 0.213942 0.213942
2 0.447115 0.145433 0.057692 0.060096
1 0.271635 0.923077 0.134615 0.134615
1 0.752404 0.947115 0.168269 0.105769
1 0.843750 0.728365 0.187500 0.221154
1 0.878606 0.109375 0.185096 0.199519
1 0.840144 0.955529 0.194712 0.088942
1 0.212740 0.048077 0.146635 0.091346
1 0.125000 0.603365 0.216346 0.197115
1 0.455529 0.435096 0.233173 0.221154
1 0.072115 0.657452 0.139423 0.218750
1 0.044471 0.058894 0.084135 0.112981
1 0.432692 0.953125 0.187500 0.093750
1 0.556490 0.939904 0.199519 0.120192
