1 0.848611 0.874656 0.208333 0.201102
1 0.106944 0.126722 0.208333 0.203857
1 0.095833 0.351240 0.186111 0.256198
1 0.923611 0.111570 0.152778 0.217631
1 0.787500 0.790634 0.208333 0.203857
1 0.711111 0.610193 0.188889 0.217631
1 0.788889 0.509642 0.216667 0.225895
1 0.709722 0.163912 0.269444 0.217631
1 0.277778 0.742424 0.211111 0.234160
1 0.501389 0.929752 0.269444 0.134986
1 0.025000 0.904959 0.044444 0.190083
1 0.976389 0.849862 0.047222 0.190083
1 0.708333 0.020661 0.261111 0.035813
1 0.943056 0.606061 0.113889 0.286501
1 0.718056 0.980716 0.230556 0.038567
1 0.944444 0.975207 0.111111 0.049587
1 0.341667 0.179063 0.211111 0.236915
1 0.802778 0.389807 0.177778 0.146006
1 0.272222 0.221763 0.172222 0.173554
0 0.506944 0.501377 0.391667 0.490358
