1 0.856229 0.6256 0.172422 0.235634
1 0.852536 0.391814 0.167596 0.201033
1 0.120436 0.63405 0.18677 0.215809
0 0.470204 0.255037 0.314673 0.444578
1 0.267216 0.793574 0.164508 0.213007
1 0.931492 0.835178 0.133313 0.231708
1 0.931189 0.104995 0.137623 0.190736
1 0.413852 0.672399 0.172952 0.274258
1 0.0699948 0.321131 0.138727 0.228302
1 0.286467 0.0968227 0.171599 0.193403
1 0.0927987 0.100169 0.185106 0.187041
1 0.275113 0.474171 0.180235 0.247332
2 0.580333 0.767111 0.0734792 0.0947787
1 0.435147 0.914359 0.169273 0.171282
2 0.585658 0.454527 0.0722332 0.102779
1 0.969656 0.625933 0.0602942 0.2189
1 0.0912872 0.85472 0.181294 0.236343
1 0.673378 0.657277 0.185267 0.219868
1 0.971468 0.415644 0.056663 0.22384
2 0.739513 0.966804 0.0581491 0.0628265
1 0.68734 0.842951 0.173538 0.217502
1 0.636459 0.0422813 0.213576 0.0845626
1 0.268321 0.330666 0.171861 0.215546
1 0.0381719 0.077643 0.0763438 0.155286
