1 0.072174 0.166957 0.140870 0.278261
1 0.064348 0.777391 0.125217 0.243478
1 0.899130 0.885217 0.198261 0.229565
1 0.129565 0.410435 0.252174 0.271304
1 0.270435 0.164348 0.252174 0.290435
1 0.677391 0.956522 0.206957 0.086957
1 0.113043 0.937391 0.222609 0.125217
1 0.960870 0.118261 0.078261 0.219130
1 0.885217 0.352174 0.229565 0.262609
1 0.389565 0.912174 0.368696 0.175652
1 0.521739 0.119130 0.292174 0.231304
1 0.946087 0.594783 0.107826 0.358261
0 0.466087 0.501739 0.420870 0.492174
1 0.180000 0.664348 0.238261 0.253913
1 0.301739 0.787826 0.227826 0.212174
