1 0.915278 0.184573 0.169444 0.220386
1 0.779167 0.053719 0.208333 0.101928
1 0.200000 0.090909 0.222222 0.176309
1 0.602778 0.933884 0.222222 0.132231
1 0.100000 0.749311 0.194444 0.242424
1 0.693056 0.750689 0.230556 0.228650
1 0.606944 0.114325 0.219444 0.223140
1 0.948611 0.428375 0.102778 0.250689
1 0.245833 0.906336 0.230556 0.181818
1 0.400000 0.172176 0.200000 0.239669
1 0.893056 0.841598 0.213889 0.217631
1 0.872222 0.614325 0.227778 0.214876
1 0.211111 0.410468 0.244444 0.242424
1 0.775000 0.398072 0.216667 0.212121
1 0.466667 0.753444 0.194444 0.256198
1 0.416667 0.026171 0.238889 0.046832
1 0.315278 0.691460 0.213889 0.220386
1 0.026389 0.450413 0.047222 0.223140
1 0.963889 0.044077 0.072222 0.082645
0 0.505556 0.501377 0.405556 0.253444
