1 0.901389 0.133609 0.197222 0.212121
1 0.927778 0.761708 0.144444 0.245179
1 0.102778 0.123967 0.200000 0.225895
1 0.936111 0.322314 0.127778 0.225895
1 0.690278 0.122590 0.225000 0.234160
1 0.072222 0.687328 0.138889 0.234160
1 0.455556 0.101928 0.222222 0.198347
1 0.841667 0.584022 0.255556 0.247934
1 0.819444 0.027548 0.250000 0.049587
1 0.183333 0.944904 0.233333 0.110193
1 0.086111 0.553719 0.166667 0.214876
2 0.422222 0.275482 0.100000 0.077135
2 0.391667 0.938017 0.105556 0.101928
1 0.048611 0.026171 0.091667 0.046832
2 0.313889 0.045455 0.116667 0.085399
0 0.308333 0.728650 0.322222 0.322314
0 0.504167 0.495868 0.386111 0.374656
