0 0.691106 0.181490 0.420673 0.353365
1 0.713942 0.670673 0.211538 0.177885
1 0.473558 0.768029 0.240385 0.194712
1 0.918269 0.629808 0.158654 0.168269
1 0.109375 0.610577 0.194712 0.177885
1 0.337740 0.617788 0.223558 0.163462
1 0.945913 0.794471 0.108173 0.170673
1 0.158654 0.917067 0.211538 0.161058
1 0.960337 0.405048 0.079327 0.175481
1 0.126202 0.788462 0.233173 0.187500
1 0.459135 0.507212 0.182692 0.177885
1 0.302885 0.937500 0.192308 0.125000
1 0.414663 0.061298 0.223558 0.117788
1 0.281250 0.105769 0.235577 0.177885
1 0.853365 0.926683 0.235577 0.141827
1 0.042067 0.058894 0.079327 0.112981
1 0.268029 0.304087 0.213942 0.137019
1 0.367788 0.242788 0.182692 0.120192
2 0.241587 0.445913 0.151442 0.117788
