1 0.922131 0.890244 0.155738 0.219512
1 0.941257 0.166667 0.117486 0.208672
1 0.066940 0.631436 0.128415 0.216802
1 0.329235 0.109756 0.177596 0.208672
1 0.786885 0.352304 0.180328 0.227642
1 0.150273 0.353659 0.169399 0.219512
1 0.113388 0.140921 0.221311 0.200542
1 0.721311 0.734417 0.218579 0.222222
1 0.035519 0.425474 0.065574 0.211382
0 0.506831 0.500000 0.330601 0.392954
2 0.750000 0.562331 0.144809 0.154472
1 0.547814 0.117886 0.254098 0.186992
1 0.580601 0.944444 0.188525 0.111111
1 0.153005 0.929539 0.289617 0.135501
1 0.751366 0.915989 0.196721 0.168022
2 0.289617 0.360434 0.114754 0.119241
1 0.392077 0.963415 0.183060 0.073171
