1 0.097222 0.734160 0.188889 0.212121
1 0.330556 0.300275 0.205556 0.187328
1 0.341667 0.089532 0.200000 0.173554
1 0.820833 0.900826 0.191667 0.192837
1 0.129167 0.370523 0.208333 0.195592
1 0.122222 0.176309 0.227778 0.203857
1 0.201389 0.561983 0.225000 0.225895
1 0.918056 0.621212 0.163889 0.217631
1 0.780556 0.067493 0.244444 0.129477
1 0.459722 0.965565 0.219444 0.068871
1 0.922222 0.907713 0.155556 0.179063
1 0.768056 0.349862 0.225000 0.214876
1 0.631944 0.168044 0.225000 0.203857
1 0.291667 0.881543 0.227778 0.231405
1 0.959722 0.263085 0.080556 0.201102
1 0.698611 0.707989 0.225000 0.220386
2 0.047222 0.046832 0.088889 0.088154
2 0.963889 0.134986 0.072222 0.066116
0 0.498611 0.502755 0.347222 0.289256
