0 0.678125 0.839583 0.387500 0.320833
1 0.813281 0.069792 0.148438 0.135417
1 0.073438 0.464583 0.143750 0.200000
1 0.233594 0.095833 0.151562 0.187500
1 0.417969 0.898958 0.154688 0.197917
1 0.377344 0.080208 0.142187 0.156250
1 0.525000 0.220833 0.168750 0.208333
1 0.268750 0.352083 0.168750 0.195833
1 0.416406 0.733333 0.167187 0.204167
1 0.076563 0.152083 0.150000 0.208333
1 0.157812 0.709375 0.140625 0.256250
1 0.928906 0.812500 0.139063 0.237500
1 0.789062 0.596875 0.150000 0.193750
1 0.539062 0.064583 0.137500 0.125000
1 0.694531 0.195833 0.160938 0.200000
2 0.023438 0.616667 0.043750 0.087500
1 0.575781 0.459375 0.179688 0.172917
1 0.914062 0.660417 0.146875 0.208333
2 0.642188 0.555208 0.056250 0.064583
1 0.673438 0.397917 0.156250 0.225000
1 0.939063 0.436458 0.121875 0.222917
1 0.778906 0.254167 0.098437 0.179167
1 0.162500 0.285417 0.140625 0.200000
1 0.250000 0.930208 0.115625 0.139583
1 0.150781 0.917708 0.157812 0.164583
