1 0.054167 0.570248 0.102778 0.220386
1 0.911111 0.917355 0.177778 0.165289
1 0.655556 0.388430 0.216667 0.187328
1 0.915278 0.447658 0.169444 0.212121
1 0.648611 0.088154 0.225000 0.170799
1 0.033333 0.297521 0.061111 0.242424
1 0.065278 0.797521 0.125000 0.234160
1 0.226389 0.498623 0.208333 0.192837
1 0.911111 0.115702 0.161111 0.181818
1 0.225000 0.838843 0.200000 0.212121
1 0.923611 0.701102 0.152778 0.261708
1 0.447222 0.158402 0.227778 0.212121
1 0.137500 0.128099 0.247222 0.217631
1 0.770833 0.276860 0.225000 0.217631
1 0.773611 0.582645 0.180556 0.223140
1 0.725000 0.819559 0.216667 0.217631
1 0.433333 0.911846 0.244444 0.176309
1 0.404167 0.028926 0.247222 0.052342
1 0.298611 0.308540 0.269444 0.192837
1 0.201389 0.975207 0.236111 0.049587
1 0.977778 0.249311 0.044444 0.195592
1 0.608333 0.979339 0.211111 0.041322
0 0.502778 0.643251 0.438889 0.415978
