1 0.915652 0.174783 0.168696 0.245217
1 0.685217 0.253043 0.229565 0.206957
1 0.685217 0.070435 0.229565 0.137391
1 0.841739 0.430435 0.236522 0.255652
1 0.790435 0.745217 0.210435 0.220870
1 0.134783 0.147826 0.227826 0.233043
1 0.419130 0.126087 0.229565 0.248696
1 0.911304 0.939130 0.177391 0.121739
1 0.590435 0.937391 0.273043 0.125217
1 0.166957 0.373913 0.215652 0.229565
1 0.931304 0.587826 0.137391 0.233043
1 0.264348 0.053913 0.222609 0.104348
1 0.134783 0.772174 0.241739 0.253913
1 0.309565 0.296522 0.250435 0.266087
1 0.074783 0.931304 0.146087 0.137391
1 0.317391 0.826087 0.290435 0.285217
0 0.524348 0.515652 0.440000 0.401739
