1 0.120000 0.553913 0.236522 0.227826
1 0.946957 0.216522 0.106087 0.200000
1 0.133043 0.079130 0.245217 0.154783
1 0.213913 0.339130 0.229565 0.243478
1 0.393913 0.802609 0.210435 0.255652
1 0.560870 0.930435 0.245217 0.139130
1 0.304348 0.946957 0.257391 0.106087
1 0.875652 0.065217 0.206957 0.126957
1 0.895652 0.426957 0.208696 0.213913
1 0.446087 0.048696 0.241739 0.093913
1 0.043478 0.323478 0.083478 0.233043
1 0.732174 0.714783 0.201739 0.240000
1 0.873043 0.706087 0.180870 0.253913
0 0.527826 0.477391 0.492174 0.450435
1 0.947826 0.652174 0.104348 0.219130
