1 0.111111 0.077135 0.216667 0.148760
1 0.934722 0.705234 0.130556 0.231405
1 0.529167 0.136364 0.208333 0.173554
1 0.965278 0.158402 0.069444 0.223140
1 0.805556 0.089532 0.266667 0.173554
1 0.597222 0.859504 0.233333 0.258953
1 0.608333 0.034435 0.227778 0.063361
1 0.161111 0.914601 0.222222 0.170799
1 0.651389 0.246556 0.269444 0.267218
1 0.858333 0.882920 0.244444 0.234160
0 0.504167 0.504132 0.447222 0.402204
1 0.787500 0.769972 0.208333 0.179063
1 0.027778 0.943526 0.050000 0.112948
1 0.230556 0.975207 0.222222 0.049587
