1 0.881739 0.924348 0.236522 0.147826
1 0.316522 0.882609 0.257391 0.234783
1 0.266087 0.103478 0.246957 0.203478
1 0.081739 0.366087 0.160000 0.210435
1 0.103478 0.768696 0.203478 0.212174
1 0.820870 0.450435 0.229565 0.246957
1 0.513043 0.962609 0.219130 0.074783
1 0.154783 0.580870 0.281739 0.222609
1 0.484348 0.716522 0.286957 0.288696
1 0.937391 0.115652 0.125217 0.189565
1 0.712174 0.826087 0.227826 0.219130
1 0.437391 0.220870 0.269565 0.278261
1 0.628696 0.040870 0.245217 0.078261
1 0.085217 0.028696 0.166957 0.053913
0 0.506087 0.467826 0.375652 0.393043
1 0.838261 0.029565 0.212174 0.055652
1 0.246957 0.434783 0.187826 0.205217
