1 0.400000 0.074380 0.222222 0.143251
1 0.158333 0.651515 0.177778 0.212121
1 0.163889 0.100551 0.227778 0.195592
1 0.795833 0.070248 0.247222 0.134986
1 0.875000 0.513774 0.194444 0.234160
1 0.952778 0.280992 0.094444 0.198347
1 0.048611 0.709366 0.091667 0.212121
1 0.023611 0.476584 0.041667 0.231405
1 0.447222 0.869146 0.244444 0.206612
1 0.172222 0.439394 0.188889 0.201102
1 0.880556 0.721763 0.222222 0.198347
1 0.959722 0.826446 0.080556 0.187328
1 0.445833 0.957300 0.241667 0.085399
1 0.144444 0.333333 0.211111 0.187328
2 0.037500 0.962810 0.069444 0.074380
1 0.983333 0.505510 0.033333 0.179063
0 0.504167 0.473829 0.547222 0.606061
