1 0.903478 0.493043 0.189565 0.213913
1 0.090435 0.745217 0.177391 0.269565
1 0.220870 0.072174 0.260870 0.140870
1 0.408696 0.890435 0.219130 0.219130
1 0.513043 0.167826 0.229565 0.245217
1 0.309565 0.305217 0.212174 0.231304
1 0.248696 0.702609 0.208696 0.257391
1 0.146957 0.255652 0.193043 0.233043
1 0.956522 0.311304 0.086957 0.233043
1 0.642609 0.860000 0.224348 0.234783
1 0.785217 0.819130 0.206957 0.233043
1 0.029565 0.155652 0.055652 0.206957
1 0.740000 0.051304 0.248696 0.099130
0 0.511304 0.519130 0.438261 0.440000
