1 0.072222 0.425620 0.138889 0.206612
1 0.680556 0.099174 0.211111 0.192837
1 0.883333 0.922865 0.227778 0.154270
1 0.113889 0.188705 0.216667 0.217631
1 0.802778 0.374656 0.188889 0.225895
1 0.793056 0.151515 0.186111 0.209366
1 0.679167 0.869146 0.219444 0.245179
1 0.386111 0.172176 0.250000 0.239669
1 0.266667 0.344353 0.200000 0.214876
1 0.448611 0.889807 0.225000 0.214876
1 0.961111 0.334711 0.077778 0.217631
1 0.062500 0.834711 0.119444 0.198347
1 0.208333 0.752066 0.205556 0.242424
1 0.730556 0.735537 0.211111 0.192837
1 0.787500 0.597796 0.213889 0.214876
1 0.434722 0.778237 0.230556 0.168044
1 0.266667 0.654270 0.205556 0.195592
1 0.034722 0.719008 0.063889 0.214876
1 0.119444 0.972452 0.233333 0.055096
1 0.283333 0.966942 0.194444 0.066116
1 0.162500 0.090909 0.263889 0.176309
1 0.952778 0.081267 0.094444 0.157025
1 0.915278 0.041322 0.163889 0.077135
0 0.506944 0.500000 0.352778 0.393939
