0 0.367969 0.529167 0.401562 0.500000
1 0.653906 0.191667 0.170313 0.212500
1 0.816406 0.446875 0.164062 0.227083
1 0.795312 0.702083 0.184375 0.208333
1 0.713281 0.886458 0.160938 0.218750
1 0.918750 0.856250 0.162500 0.208333
1 0.241406 0.134375 0.164062 0.214583
1 0.800781 0.091667 0.151562 0.179167
1 0.935937 0.310417 0.128125 0.216667
1 0.053125 0.487500 0.103125 0.208333
1 0.368750 0.150000 0.153125 0.191667
1 0.410156 0.831250 0.176563 0.191667
1 0.234375 0.826042 0.168750 0.227083
1 0.047656 0.660417 0.092188 0.208333
1 0.649219 0.437500 0.151562 0.275000
1 0.050000 0.952083 0.096875 0.095833
1 0.939844 0.056250 0.120313 0.108333
1 0.164844 0.959375 0.114062 0.081250
1 0.147656 0.518750 0.148438 0.191667
1 0.149219 0.313542 0.170313 0.214583
1 0.081250 0.084375 0.159375 0.164583
1 0.505469 0.965625 0.176563 0.068750
1 0.350781 0.032292 0.142187 0.060417
1 0.047656 0.238542 0.092188 0.243750
1 0.195312 0.726042 0.178125 0.202083
1 0.247656 0.269792 0.170313 0.131250
1 0.489844 0.818750 0.114062 0.225000
